100 7.02e-07
200 5.756e-07
300 5.754e-07
400 5.188e-07
500 5.92e-07
600 6.887e-07
700 8.175e-07
800 6.597e-07
900 6.467e-07
1000 8.86e-07
1100 5.85e-07
1200 4.926e-07
1300 5.086e-07
1400 5.156e-07
1500 4.844e-07
1600 5.129e-07
1700 5.984e-07
1800 5.12e-07
1900 5.686e-07
2000 5.699e-07
2100 6.222e-07
2200 4.604e-07
2300 4.313e-07
2400 4e-07
2500 4.924e-07
2600 7.654e-07
2700 7.977e-07
2800 6.49e-07
2900 5.81e-07
3000 7.036e-07
3100 7.029e-07
3200 7.079e-07
3300 6.976e-07
3400 4.83e-07
3500 5.192e-07
3600 5.121e-07
3700 5.111e-07
3800 4.378e-07
3900 5.133e-07
4000 5.128e-07
4100 5.153e-07
4200 4.537e-07
4300 4.237e-07
4400 4.13e-07
4500 4.13e-07
4600 4.247e-07
4700 4.438e-07
4800 4.203e-07
4900 3.987e-07
5000 5.102e-07
5100 5.081e-07
5200 5.135e-07
5300 4.598e-07
5400 4.199e-07
5500 5.337e-07
5600 5.157e-07
5700 5.479e-07
5800 5.312e-07
5900 4.627e-07
6000 4.88e-07
6100 5.139e-07
6200 5.13e-07
6300 5.421e-07
6400 5.154e-07
6500 5.187e-07
6600 4.448e-07
6700 5.208e-07
6800 5.23e-07
6900 5.12e-07
7000 6.565e-07
7100 6.58e-07
7200 4.902e-07
7300 4.204e-07
7400 4.013e-07
7500 4.155e-07
7600 4.004e-07
7700 4.082e-07
7800 3.966e-07
7900 4.109e-07
8000 4.693e-07
8100 5.094e-07
8200 5.205e-07
8300 5.197e-07
8400 5.201e-07
8500 5.266e-07
8600 5.355e-07
8700 5.253e-07
8800 5.026e-07
8900 4.898e-07
9000 5.196e-07
9100 5.224e-07
9200 5.22e-07
9300 5.148e-07
9400 5.519e-07
9500 4.202e-07
9600 4.008e-07
9700 3.912e-07
9800 4.065e-07
9900 4.013e-07
10000 4.134e-07
10100 3.925e-07
10200 3.846e-07
10300 3.936e-07
10400 4.066e-07
10500 4.014e-07
10600 4.148e-07
10700 4.506e-07
10800 4.741e-07
10900 5.211e-07
11000 5.14e-07
11100 5.19e-07
11200 4.56e-07
11300 4.425e-07
11400 3.996e-07
11500 3.987e-07
11600 4.016e-07
11700 4.103e-07
11800 3.916e-07
11900 3.835e-07
12000 4.005e-07
12100 4.442e-07
12200 5.117e-07
12300 5.192e-07
12400 5.001e-07
12500 5.199e-07
12600 5.875e-07
12700 7.587e-07
12800 7.204e-07
12900 6.326e-07
13000 4.918e-07
13100 5.037e-07
13200 6.486e-07
13300 6.42e-07
13400 4.661e-07
13500 3.981e-07
13600 4.383e-07
13700 4.691e-07
13800 4.878e-07
13900 5.694e-07
14000 6.545e-07
14100 6.327e-07
14200 6.521e-07
14300 6.719e-07
14400 5.096e-07
14500 4.22e-07
14600 4.318e-07
14700 5.146e-07
14800 6.204e-07
14900 6.413e-07
15000 6.41e-07
15100 6.474e-07
15200 6.28e-07
15300 6.324e-07
15400 4.508e-07
15500 4.822e-07
15600 4.121e-07
15700 4.129e-07
15800 4.488e-07
15900 4.889e-07
16000 5.141e-07
16100 4.984e-07
16200 5.135e-07
16300 4.681e-07
16400 4.411e-07
16500 4.558e-07
16600 5.63e-07
16700 5.109e-07
16800 5.106e-07
16900 5.037e-07
17000 5.055e-07
17100 4.999e-07
17200 4.858e-07
17300 4.093e-07
17400 4.223e-07
17500 4.086e-07
17600 4.001e-07
17700 4.021e-07
17800 4.716e-07
17900 5.123e-07
18000 4.945e-07
18100 5.066e-07
18200 5.692e-07
18300 5.286e-07
18400 5.229e-07
18500 5.18e-07
18600 5.176e-07
18700 4.961e-07
18800 4.496e-07
18900 3.996e-07
19000 4.332e-07
19100 4.207e-07
19200 4.761e-07
19300 5.134e-07
19400 4.206e-07
19500 4.328e-07
19600 3.996e-07
19700 4.229e-07
19800 4.326e-07
19900 5.267e-07
20000 5.131e-07
20100 5.789e-07
20200 6.726e-07
20300 6.671e-07
20400 6.847e-07
20500 6.581e-07
20600 6.63e-07
20700 4.688e-07
20800 4.126e-07
20900 4.875e-07
21000 4.854e-07
21100 5.118e-07
21200 5.155e-07
21300 5.419e-07
21400 5.812e-07
21500 5.886e-07
21600 5.692e-07
21700 5.456e-07
21800 5.552e-07
21900 5.947e-07
22000 5.394e-07
22100 4.663e-07
22200 4.52e-07
22300 4.579e-07
22400 5.062e-07
22500 5.025e-07
22600 4.865e-07
22700 5.109e-07
22800 5.388e-07
22900 5.177e-07
23000 5.258e-07
23100 4.698e-07
23200 4.122e-07
23300 3.923e-07
23400 4.144e-07
23500 4.624e-07
23600 5.142e-07
23700 5.171e-07
23800 5.217e-07
23900 5.267e-07
24000 5.3e-07
24100 5.363e-07
24200 5.283e-07
24300 5.243e-07
24400 5.503e-07
24500 5.612e-07
24600 6.142e-07
24700 4.918e-07
24800 4.595e-07
24900 4.44e-07
25000 4.503e-07
25100 5.307e-07
25200 4.514e-07
25300 5.729e-07
25400 5.349e-07
25500 5.384e-07
25600 5.316e-07
25700 5.401e-07
25800 5.331e-07
25900 5.231e-07
26000 5.291e-07
26100 5.237e-07
26200 4.257e-07
26300 4.594e-07
26400 5.325e-07
26500 5.361e-07
26600 5.167e-07
26700 5.164e-07
26800 4.45e-07
26900 4.696e-07
27000 4.447e-07
27100 3.932e-07
27200 4.031e-07
27300 4.222e-07
27400 4.235e-07
27500 4.144e-07
27600 4.199e-07
27700 4.185e-07
27800 4.442e-07
27900 5.64e-07
28000 7.525e-07
28100 5.615e-07
28200 4.461e-07
28300 5.226e-07
28400 4.836e-07
28500 4.62e-07
28600 5.616e-07
28700 5.24e-07
28800 6.107e-07
28900 4.589e-07
29000 4.795e-07
29100 5.192e-07
29200 6.326e-07
29300 5.226e-07
29400 6.504e-07
29500 5.241e-07
29600 5.19e-07
29700 4.988e-07
29800 5.846e-07
29900 5.52e-07
30000 5.884e-07
30100 4.546e-07
30200 4.562e-07
30300 4.891e-07
30400 4.917e-07
30500 5.108e-07
30600 4.781e-07
30700 5.299e-07
30800 6.221e-07
30900 5.608e-07
31000 5.592e-07
31100 5.453e-07
31200 5.773e-07
31300 5.173e-07
31400 5.147e-07
31500 4.627e-07
31600 5.518e-07
31700 5.311e-07
31800 5.198e-07
31900 5.288e-07
32000 5.382e-07
32100 5.274e-07
32200 4.612e-07
32300 3.905e-07
32400 4.15e-07
32500 4.076e-07
32600 4.064e-07
32700 4.466e-07
32800 4.265e-07
32900 4.219e-07
33000 4.188e-07
33100 4.208e-07
33200 4.073e-07
33300 4.044e-07
33400 4.151e-07
33500 4.19e-07
33600 5.152e-07
33700 6.044e-07
33800 6.384e-07
33900 5.777e-07
34000 4.217e-07
34100 4.897e-07
34200 5.188e-07
34300 5.183e-07
34400 4.936e-07
34500 3.942e-07
34600 4.002e-07
34700 3.929e-07
34800 3.797e-07
34900 4.07e-07
35000 4.038e-07
35100 4.224e-07
35200 3.999e-07
35300 3.97e-07
35400 3.945e-07
35500 4.301e-07
35600 3.995e-07
35700 4.121e-07
35800 4.149e-07
35900 5.156e-07
36000 5.209e-07
36100 5.148e-07
36200 5.078e-07
36300 4.18e-07
36400 4.156e-07
36500 4.526e-07
36600 5.008e-07
36700 5.006e-07
36800 5.445e-07
36900 5.467e-07
37000 5.429e-07
37100 5.392e-07
37200 5.279e-07
37300 4.748e-07
37400 4.283e-07
37500 4.994e-07
37600 5.164e-07
37700 5.195e-07
37800 4.83e-07
37900 4.064e-07
38000 4.186e-07
38100 4.22e-07
38200 4.244e-07
38300 4.022e-07
38400 4.147e-07
38500 4.169e-07
38600 3.946e-07
38700 4.129e-07
38800 4.246e-07
38900 4.188e-07
39000 5.256e-07
39100 4.855e-07
39200 5.081e-07
39300 5.475e-07
39400 5.39e-07
39500 5.16e-07
39600 4.987e-07
39700 4.037e-07
39800 3.819e-07
39900 3.853e-07
40000 3.875e-07
40100 3.943e-07
40200 3.891e-07
40300 3.926e-07
40400 3.882e-07
40500 4.061e-07
40600 4.089e-07
40700 4.03e-07
40800 4.262e-07
40900 4.27e-07
41000 3.842e-07
41100 4.478e-07
41200 5.162e-07
41300 5.211e-07
41400 5.106e-07
41500 4.805e-07
41600 4.132e-07
41700 4.052e-07
41800 3.943e-07
41900 4.053e-07
42000 4.207e-07
42100 4.144e-07
42200 4.15e-07
42300 4.197e-07
42400 4.931e-07
42500 6.193e-07
42600 5.243e-07
42700 5.212e-07
42800 5.138e-07
42900 4.645e-07
43000 4.365e-07
43100 5.137e-07
43200 5.139e-07
43300 5.211e-07
43400 4.281e-07
43500 3.965e-07
43600 3.89e-07
43700 3.827e-07
43800 3.83e-07
43900 4.015e-07
44000 3.97e-07
44100 3.874e-07
44200 3.878e-07
44300 4.869e-07
44400 5.95e-07
44500 5.299e-07
44600 4.978e-07
44700 5.221e-07
44800 5.405e-07
44900 4.639e-07
45000 4.531e-07
45100 5.199e-07
45200 5.121e-07
45300 5.385e-07
45400 5.507e-07
45500 5.404e-07
45600 5.753e-07
45700 5.643e-07
45800 5.225e-07
45900 5.287e-07
46000 4.423e-07
46100 5.746e-07
46200 5.018e-07
46300 4.897e-07
46400 5.043e-07
46500 4.884e-07
46600 4.817e-07
46700 4.04e-07
46800 4.07e-07
46900 3.95e-07
47000 4.387e-07
47100 4.917e-07
47200 5.276e-07
47300 8.235e-07
47400 8.467e-07
47500 4.675e-07
47600 4.476e-07
47700 4.204e-07
47800 3.986e-07
47900 4.038e-07
48000 4.778e-07
48100 5.17e-07
48200 4.852e-07
48300 4.668e-07
48400 4.314e-07
48500 4.35e-07
48600 5.066e-07
48700 5.045e-07
48800 5.207e-07
48900 5.283e-07
49000 6.002e-07
49100 5.217e-07
49200 4.488e-07
49300 5.244e-07
49400 5.307e-07
49500 5.245e-07
49600 5.432e-07
49700 4.784e-07
49800 4.941e-07
49900 6.352e-07
50000 6.436e-07
50100 5.645e-07
50200 6.542e-07
50300 5.49e-07
50400 5.841e-07
50500 5.252e-07
50600 5.231e-07
50700 5.286e-07
50800 5.087e-07
50900 4.992e-07
51000 4.989e-07
51100 4.933e-07
51200 5.246e-07
51300 5.314e-07
51400 5.213e-07
51500 5.111e-07
51600 5.304e-07
51700 5.293e-07
51800 5.315e-07
51900 6.601e-07
52000 6.975e-07
52100 4.814e-07
52200 4.867e-07
52300 5.334e-07
52400 5.305e-07
52500 5.698e-07
52600 5.492e-07
52700 6.451e-07
52800 5.012e-07
52900 5.229e-07
53000 1.0955e-06
53100 5.334e-07
53200 5.141e-07
53300 4.614e-07
53400 5.258e-07
53500 5.401e-07
53600 5.269e-07
53700 5.319e-07
53800 5.204e-07
53900 5.361e-07
54000 5.33e-07
54100 8.164e-07
54200 1.0464e-06
54300 9.905e-07
54400 1.0889e-06
54500 1.0911e-06
54600 1.0142e-06
54700 9.737e-07
54800 9.291e-07
54900 9.661e-07
55000 9.462e-07
55100 8.944e-07
55200 8.99e-07
55300 1.0249e-06
55400 8.827e-07
55500 8.854e-07
55600 8.852e-07
55700 9.461e-07
55800 8.96e-07
55900 9.15e-07
56000 1.9291e-06
56100 9.692e-07
56200 6.137e-07
56300 6.747e-07
56400 1.0069e-06
56500 9.839e-07
56600 8.738e-07
56700 8.805e-07
56800 8.829e-07
56900 8.678e-07
57000 9.558e-07
57100 9.253e-07
57200 9.623e-07
57300 8.918e-07
57400 1.0627e-06
57500 1.2422e-06
57600 1.0208e-06
57700 6.871e-07
57800 5.059e-07
57900 5.297e-07
58000 5.17e-07
58100 5.243e-07
58200 5.091e-07
58300 4.845e-07
58400 5.06e-07
58500 5.246e-07
58600 5.318e-07
58700 6.774e-07
58800 7.648e-07
58900 6.987e-07
59000 4.172e-07
59100 4.641e-07
59200 6.204e-07
59300 5.453e-07
59400 5.161e-07
59500 5.191e-07
59600 5.164e-07
59700 5.195e-07
59800 5.203e-07
59900 5.363e-07
60000 5.782e-07
60100 7.966e-07
60200 5.437e-07
60300 4.955e-07
60400 5.347e-07
60500 5.436e-07
60600 5.869e-07
60700 5.97e-07
60800 5.639e-07
60900 5.721e-07
61000 5.483e-07
61100 6.776e-07
61200 7.312e-07
61300 6.357e-07
61400 5.539e-07
61500 5.218e-07
61600 5.191e-07
61700 5.373e-07
61800 5.139e-07
61900 5.277e-07
62000 5.561e-07
62100 5.331e-07
62200 5.232e-07
62300 5.116e-07
62400 5.24e-07
62500 5.746e-07
62600 5.595e-07
62700 5.188e-07
62800 5.317e-07
62900 5.46e-07
63000 5.007e-07
63100 5.531e-07
63200 5.284e-07
63300 5.241e-07
63400 7.153e-07
63500 8.801e-07
63600 8.925e-07
63700 9.101e-07
63800 8.764e-07
63900 8.682e-07
64000 5.329e-07
64100 5.14e-07
64200 5.422e-07
64300 5.615e-07
64400 7.72e-07
64500 5.838e-07
64600 5.57e-07
64700 5.186e-07
64800 5.684e-07
64900 5.202e-07
65000 5.411e-07
65100 4.992e-07
65200 5.314e-07
65300 5.19e-07
65400 5.471e-07
65500 5.168e-07
65600 5.574e-07
65700 5.117e-07
65800 5.106e-07
65900 5.327e-07
66000 6.44e-07
66100 5.469e-07
66200 6.585e-07
66300 5.7e-07
66400 6.168e-07
66500 5.331e-07
66600 6.396e-07
66700 5.039e-07
66800 4.99e-07
66900 6.158e-07
67000 5.685e-07
67100 5.218e-07
67200 4.99e-07
67300 4.834e-07
67400 6.533e-07
67500 5.172e-07
67600 5.233e-07
67700 5.235e-07
67800 5.187e-07
67900 5.778e-07
68000 8.755e-07
68100 9.202e-07
68200 1.1668e-06
68300 1.0351e-06
68400 1.0472e-06
68500 1.031e-06
68600 8.749e-07
68700 9.164e-07
68800 8.672e-07
68900 9.129e-07
69000 8.865e-07
69100 9.206e-07
69200 8.991e-07
69300 8.639e-07
69400 1.2665e-06
69500 1.0904e-06
69600 5.529e-07
69700 5.677e-07
69800 5.653e-07
69900 5.149e-07
70000 5.29e-07
70100 5.41e-07
70200 5.14e-07
70300 6.453e-07
70400 5.698e-07
70500 5.233e-07
70600 5.447e-07
70700 6.398e-07
70800 6.566e-07
70900 6.583e-07
71000 6.729e-07
71100 6.529e-07
71200 6.604e-07
71300 6.398e-07
71400 5.205e-07
71500 5.155e-07
71600 5.227e-07
71700 5.168e-07
71800 5.309e-07
71900 5.227e-07
72000 5.15e-07
72100 5.208e-07
72200 5.306e-07
72300 5.153e-07
72400 5.213e-07
72500 4.542e-07
72600 5.334e-07
72700 5.215e-07
72800 6.651e-07
72900 8.909e-07
73000 8.995e-07
73100 1.1253e-06
73200 9.535e-07
73300 1.0804e-06
73400 1.1775e-06
73500 9.97e-07
73600 8.551e-07
73700 5.869e-07
73800 4.516e-07
73900 4.449e-07
74000 4.823e-07
74100 5.149e-07
74200 4.522e-07
74300 4.86e-07
74400 5.293e-07
74500 5.772e-07
74600 6.515e-07
74700 2.9768e-06
74800 6.816e-07
74900 6.945e-07
75000 5.382e-07
75100 5.788e-07
75200 8.736e-07
75300 1.1356e-06
75400 1.1628e-06
75500 1.1025e-06
75600 1.4022e-06
75700 1.1186e-06
75800 1.1659e-06
75900 1.0869e-06
76000 1.1176e-06
76100 1.2925e-06
76200 1.1877e-06
76300 1.0925e-06
76400 1.5164e-06
76500 1.055e-06
76600 9.831e-07
76700 1.0203e-06
76800 1.02e-06
76900 1.0399e-06
77000 1.058e-06
77100 1.0005e-06
77200 9.975e-07
77300 1.0352e-06
77400 1.2824e-06
77500 1.0137e-06
77600 1.0091e-06
77700 1.0564e-06
77800 1.0607e-06
77900 9.901e-07
78000 1.0538e-06
78100 1.0517e-06
78200 9.872e-07
78300 7.674e-07
78400 5.07e-07
78500 5.265e-07
78600 5.889e-07
78700 7.045e-07
78800 6.694e-07
78900 6.499e-07
79000 6.873e-07
79100 6.468e-07
79200 6.878e-07
79300 6.326e-07
79400 4.912e-07
79500 4.905e-07
79600 5.284e-07
79700 5.336e-07
79800 5.233e-07
79900 4.932e-07
80000 6.882e-07
80100 5.399e-07
80200 9.174e-07
80300 8.724e-07
80400 7.631e-07
80500 7.707e-07
80600 6.274e-07
80700 5.308e-07
80800 5.255e-07
80900 6.19e-07
81000 5.386e-07
81100 5.256e-07
81200 4.499e-07
81300 4.838e-07
81400 5.17e-07
81500 5.145e-07
81600 5.977e-07
81700 8.074e-07
81800 7.305e-07
81900 5.456e-07
82000 5.331e-07
82100 6.694e-07
82200 8.234e-07
82300 8.131e-07
82400 8.096e-07
82500 7.164e-07
82600 5.289e-07
82700 7.176e-07
82800 1.0647e-06
82900 1.198e-06
83000 1.3239e-06
83100 1.021e-06
83200 1.0782e-06
83300 1.0451e-06
83400 9.794e-07
83500 1.021e-06
83600 7.787e-07
83700 5.112e-07
83800 5.355e-07
83900 5.331e-07
84000 8.201e-07
84100 1.0143e-06
84200 9.067e-07
84300 9.179e-07
84400 8.8e-07
84500 8.827e-07
84600 8.894e-07
84700 8.902e-07
84800 9.107e-07
84900 9.062e-07
85000 8.704e-07
85100 9.064e-07
85200 1.1702e-06
85300 8.915e-07
85400 8.799e-07
85500 8.856e-07
85600 9.863e-07
85700 1.2976e-06
85800 1.1165e-06
85900 9.703e-07
86000 9.571e-07
86100 1.0114e-06
86200 9.758e-07
86300 1.1073e-06
86400 9.728e-07
86500 9.45e-07
86600 9.089e-07
86700 8.785e-07
86800 8.882e-07
86900 9.609e-07
87000 8.809e-07
87100 9.269e-07
87200 1.1781e-06
87300 8.718e-07
87400 8.883e-07
87500 9.31e-07
87600 7.182e-07
87700 4.809e-07
87800 5.159e-07
87900 5.261e-07
88000 5.196e-07
88100 5.296e-07
88200 5.39e-07
88300 8.632e-07
88400 9.845e-07
88500 1.0966e-06
88600 1.068e-06
88700 9.413e-07
88800 8.967e-07
88900 9.735e-07
89000 8.874e-07
89100 7.968e-07
89200 8.346e-07
89300 8.426e-07
89400 6.617e-07
89500 5.037e-07
89600 4.88e-07
89700 7.013e-07
89800 5.241e-07
89900 5.327e-07
90000 5.396e-07
90100 5.221e-07
90200 5.639e-07
90300 5.335e-07
90400 5.548e-07
90500 5.103e-07
90600 5.61e-07
90700 5.225e-07
90800 7.13e-07
90900 5.167e-07
91000 5.205e-07
91100 5.334e-07
91200 5.319e-07
91300 5.16e-07
91400 5.129e-07
91500 5.203e-07
91600 6.554e-07
91700 6.322e-07
91800 6.987e-07
91900 6.426e-07
92000 7.002e-07
92100 6.833e-07
92200 6.796e-07
92300 5.668e-07
92400 4.249e-07
92500 4.123e-07
92600 4.326e-07
92700 5.082e-07
92800 4.748e-07
92900 4.256e-07
93000 3.814e-07
93100 4.755e-07
93200 4.926e-07
93300 4.724e-07
93400 4.506e-07
93500 4.082e-07
93600 4.987e-07
93700 5.165e-07
93800 6.112e-07
93900 6.052e-07
94000 5.911e-07
94100 6.171e-07
94200 6.297e-07
94300 6.137e-07
94400 6.346e-07
94500 6.108e-07
94600 6.27e-07
94700 6.097e-07
94800 6.2e-07
94900 6.384e-07
95000 5.493e-07
95100 6.226e-07
95200 6.253e-07
95300 6.502e-07
95400 6.096e-07
95500 6.03e-07
95600 5.98e-07
95700 5.774e-07
95800 6.477e-07
95900 6.415e-07
96000 5.757e-07
96100 4.864e-07
96200 6.184e-07
96300 5.978e-07
96400 6.008e-07
96500 6.248e-07
96600 4.158e-07
96700 4.412e-07
96800 4.16e-07
96900 6.29e-07
97000 6.095e-07
97100 6.246e-07
97200 1.4971e-06
97300 6.004e-07
97400 6.334e-07
97500 6.253e-07
97600 6.303e-07
97700 6.215e-07
97800 6.446e-07
97900 6.512e-07
98000 6.076e-07
98100 5.116e-07
98200 4.857e-07
98300 5.666e-07
98400 5.386e-07
98500 6.166e-07
98600 5.9e-07
98700 5.629e-07
98800 6.083e-07
98900 5.667e-07
99000 7.506e-07
99100 5.973e-07
99200 5.707e-07
99300 6.214e-07
99400 5.898e-07
99500 4.199e-07
99600 6.214e-07
99700 6.067e-07
99800 6.08e-07
99900 6.163e-07
100000 6.11e-07
