100 7.76e-07
200 6.422e-07
300 6.219e-07
400 6.221e-07
500 7.093e-07
600 9.08e-07
700 8.434e-07
800 7.646e-07
900 6.866e-07
1000 7.537e-07
1100 6.865e-07
1200 5.988e-07
1300 6.306e-07
1400 6.141e-07
1500 5.952e-07
1600 6.097e-07
1700 7.012e-07
1800 6.079e-07
1900 6.688e-07
2000 6.748e-07
2100 7.097e-07
2200 5.571e-07
2300 4.885e-07
2400 4.724e-07
2500 5.913e-07
2600 9.196e-07
2700 9.453e-07
2800 7.625e-07
2900 6.846e-07
3000 8.443e-07
3100 8.387e-07
3200 8.638e-07
3300 8.273e-07
3400 5.709e-07
3500 6.182e-07
3600 6.316e-07
3700 6.089e-07
3800 5.152e-07
3900 6.255e-07
4000 6.172e-07
4100 6.204e-07
4200 5.447e-07
4300 5.009e-07
4400 4.863e-07
4500 5.009e-07
4600 5.152e-07
4700 5.28e-07
4800 4.971e-07
4900 4.782e-07
5000 6.314e-07
5100 6.159e-07
5200 6.22e-07
5300 5.585e-07
5400 5.018e-07
5500 6.196e-07
5600 6.333e-07
5700 6.548e-07
5800 6.236e-07
5900 5.519e-07
6000 5.868e-07
6100 6.127e-07
6200 6.099e-07
6300 6.462e-07
6400 6.254e-07
6500 6.152e-07
6600 5.181e-07
6700 6.036e-07
6800 6.273e-07
6900 6.176e-07
7000 7.721e-07
7100 7.901e-07
7200 5.836e-07
7300 4.888e-07
7400 4.845e-07
7500 4.851e-07
7600 4.739e-07
7700 4.759e-07
7800 4.597e-07
7900 4.878e-07
8000 5.609e-07
8100 6.094e-07
8200 6.318e-07
8300 6.305e-07
8400 6.239e-07
8500 6.25e-07
8600 6.221e-07
8700 6.333e-07
8800 6.149e-07
8900 5.892e-07
9000 6.098e-07
9100 6.042e-07
9200 6.266e-07
9300 6.177e-07
9400 6.533e-07
9500 5.037e-07
9600 4.983e-07
9700 4.699e-07
9800 4.79e-07
9900 4.759e-07
10000 4.823e-07
10100 4.782e-07
10200 4.797e-07
10300 4.742e-07
10400 4.798e-07
10500 4.81e-07
10600 4.913e-07
10700 5.383e-07
10800 5.838e-07
10900 6.213e-07
11000 6.123e-07
11100 6.185e-07
11200 5.554e-07
11300 5.182e-07
11400 4.787e-07
11500 4.597e-07
11600 4.676e-07
11700 4.895e-07
11800 4.869e-07
11900 4.522e-07
12000 4.728e-07
12100 5.312e-07
12200 6.279e-07
12300 6.197e-07
12400 6.067e-07
12500 6.072e-07
12600 7.137e-07
12700 8.871e-07
12800 8.623e-07
12900 7.44e-07
13000 5.885e-07
13100 6.094e-07
13200 7.587e-07
13300 7.75e-07
13400 5.614e-07
13500 4.77e-07
13600 5.257e-07
13700 5.53e-07
13800 5.772e-07
13900 6.679e-07
14000 7.884e-07
14100 7.66e-07
14200 7.77e-07
14300 7.841e-07
14400 5.991e-07
14500 4.982e-07
14600 5.238e-07
14700 6.262e-07
14800 7.379e-07
14900 7.719e-07
15000 7.772e-07
15100 7.645e-07
15200 7.665e-07
15300 7.537e-07
15400 5.103e-07
15500 5.198e-07
15600 5.041e-07
15700 4.969e-07
15800 5.303e-07
15900 5.835e-07
16000 6.166e-07
16100 6.02e-07
16200 6.019e-07
16300 5.741e-07
16400 4.971e-07
16500 5.491e-07
16600 6.59e-07
16700 6.018e-07
16800 5.871e-07
16900 6.172e-07
17000 6.006e-07
17100 6.076e-07
17200 5.788e-07
17300 4.982e-07
17400 5.071e-07
17500 4.931e-07
17600 4.865e-07
17700 4.719e-07
17800 5.473e-07
17900 6.095e-07
18000 6.202e-07
18100 5.932e-07
18200 6.767e-07
18300 6.307e-07
18400 6.332e-07
18500 6.116e-07
18600 6.189e-07
18700 5.883e-07
18800 4.918e-07
18900 4.816e-07
19000 5.083e-07
19100 4.9e-07
19200 5.571e-07
19300 6.08e-07
19400 4.934e-07
19500 4.978e-07
19600 4.852e-07
19700 4.822e-07
19800 5.065e-07
19900 6.247e-07
20000 6.121e-07
20100 6.957e-07
20200 7.845e-07
20300 7.977e-07
20400 7.843e-07
20500 7.827e-07
20600 7.758e-07
20700 5.729e-07
20800 4.987e-07
20900 5.8e-07
21000 5.818e-07
21100 6.061e-07
21200 6.104e-07
21300 6.367e-07
21400 6.836e-07
21500 6.826e-07
21600 6.972e-07
21700 6.442e-07
21800 6.51e-07
21900 6.915e-07
22000 6.549e-07
22100 5.885e-07
22200 5.449e-07
22300 5.58e-07
22400 5.972e-07
22500 5.732e-07
22600 5.751e-07
22700 6.055e-07
22800 6.43e-07
22900 6.23e-07
23000 6.245e-07
23100 5.601e-07
23200 4.994e-07
23300 4.661e-07
23400 4.917e-07
23500 5.415e-07
23600 6.181e-07
23700 6.129e-07
23800 6.231e-07
23900 6.468e-07
24000 6.353e-07
24100 6.261e-07
24200 6.308e-07
24300 6.302e-07
24400 6.617e-07
24500 6.618e-07
24600 6.501e-07
24700 5.879e-07
24800 5.609e-07
24900 5.289e-07
25000 5.528e-07
25100 6.13e-07
25200 5.278e-07
25300 6.244e-07
25400 6.363e-07
25500 6.296e-07
25600 6.456e-07
25700 6.192e-07
25800 6.185e-07
25900 6.4e-07
26000 6.173e-07
26100 6.167e-07
26200 5.082e-07
26300 5.475e-07
26400 6.17e-07
26500 6.274e-07
26600 6.19e-07
26700 6.141e-07
26800 5.259e-07
26900 5.573e-07
27000 5.183e-07
27100 4.811e-07
27200 4.864e-07
27300 4.982e-07
27400 4.968e-07
27500 5.025e-07
27600 5.101e-07
27700 5.154e-07
27800 5.473e-07
27900 6.742e-07
28000 9.151e-07
28100 6.988e-07
28200 5.69e-07
28300 5.924e-07
28400 5.706e-07
28500 5.307e-07
28600 6.582e-07
28700 6.326e-07
28800 7.146e-07
28900 5.498e-07
29000 5.682e-07
29100 6.451e-07
29200 7.111e-07
29300 6.592e-07
29400 7.505e-07
29500 5.958e-07
29600 6.34e-07
29700 6.041e-07
29800 6.751e-07
29900 6.542e-07
30000 6.879e-07
30100 5.265e-07
30200 5.547e-07
30300 5.914e-07
30400 6.058e-07
30500 6.046e-07
30600 5.785e-07
30700 6.483e-07
30800 7.427e-07
30900 6.66e-07
31000 6.521e-07
31100 6.505e-07
31200 6.965e-07
31300 6.174e-07
31400 6.173e-07
31500 5.503e-07
31600 6.032e-07
31700 6.308e-07
31800 6.252e-07
31900 6.337e-07
32000 6.36e-07
32100 6.293e-07
32200 5.51e-07
32300 4.807e-07
32400 4.81e-07
32500 4.845e-07
32600 4.882e-07
32700 5.196e-07
32800 4.839e-07
32900 4.951e-07
33000 4.999e-07
33100 5.465e-07
33200 4.734e-07
33300 4.901e-07
33400 4.756e-07
33500 4.944e-07
33600 6.481e-07
33700 7.197e-07
33800 7.747e-07
33900 6.97e-07
34000 4.83e-07
34100 5.857e-07
34200 6.218e-07
34300 6.15e-07
34400 5.785e-07
34500 4.807e-07
34600 4.801e-07
34700 4.701e-07
34800 4.89e-07
34900 4.847e-07
35000 4.919e-07
35100 5.144e-07
35200 4.833e-07
35300 4.783e-07
35400 4.677e-07
35500 4.951e-07
35600 4.665e-07
35700 4.806e-07
35800 4.819e-07
35900 6.095e-07
36000 6.211e-07
36100 6.231e-07
36200 6.125e-07
36300 5.111e-07
36400 5.061e-07
36500 5.212e-07
36600 5.893e-07
36700 6.178e-07
36800 6.654e-07
36900 6.397e-07
37000 6.561e-07
37100 6.383e-07
37200 6.233e-07
37300 5.758e-07
37400 4.969e-07
37500 6.043e-07
37600 6.086e-07
37700 6.377e-07
37800 5.639e-07
37900 4.775e-07
38000 4.936e-07
38100 4.949e-07
38200 4.89e-07
38300 4.849e-07
38400 4.878e-07
38500 5.026e-07
38600 4.679e-07
38700 4.804e-07
38800 4.914e-07
38900 4.945e-07
39000 5.682e-07
39100 5.902e-07
39200 5.899e-07
39300 6.636e-07
39400 6.5e-07
39500 6.114e-07
39600 5.973e-07
39700 4.935e-07
39800 4.836e-07
39900 4.499e-07
40000 4.64e-07
40100 4.626e-07
40200 4.559e-07
40300 4.649e-07
40400 4.684e-07
40500 4.799e-07
40600 4.926e-07
40700 4.816e-07
40800 4.99e-07
40900 4.928e-07
41000 4.694e-07
41100 5.211e-07
41200 6.064e-07
41300 6.083e-07
41400 6.115e-07
41500 5.552e-07
41600 4.878e-07
41700 4.915e-07
41800 4.708e-07
41900 4.735e-07
42000 4.967e-07
42100 4.88e-07
42200 4.83e-07
42300 4.936e-07
42400 5.925e-07
42500 7.259e-07
42600 6.334e-07
42700 6.205e-07
42800 6.16e-07
42900 5.615e-07
43000 5.16e-07
43100 6.196e-07
43200 6.147e-07
43300 6.131e-07
43400 5.109e-07
43500 4.745e-07
43600 4.696e-07
43700 4.465e-07
43800 4.596e-07
43900 4.674e-07
44000 4.558e-07
44100 4.63e-07
44200 4.737e-07
44300 5.844e-07
44400 6.908e-07
44500 6.471e-07
44600 6.018e-07
44700 6.245e-07
44800 6.4e-07
44900 5.385e-07
45000 5.323e-07
45100 6.183e-07
45200 6.273e-07
45300 6.657e-07
45400 6.437e-07
45500 6.149e-07
45600 6.96e-07
45700 6.518e-07
45800 6.265e-07
45900 6.373e-07
46000 5.246e-07
46100 6.757e-07
46200 5.965e-07
46300 5.831e-07
46400 5.87e-07
46500 5.799e-07
46600 5.786e-07
46700 5.001e-07
46800 4.768e-07
46900 4.81e-07
47000 5.094e-07
47100 5.923e-07
47200 6.276e-07
47300 1.003e-06
47400 1.0244e-06
47500 5.455e-07
47600 5.37e-07
47700 4.949e-07
47800 4.822e-07
47900 4.905e-07
48000 5.853e-07
48100 6.063e-07
48200 5.814e-07
48300 5.722e-07
48400 5.111e-07
48500 5.057e-07
48600 5.95e-07
48700 6.184e-07
48800 6.327e-07
48900 6.272e-07
49000 6.916e-07
49100 6.009e-07
49200 5.402e-07
49300 6.209e-07
49400 6.189e-07
49500 6.563e-07
49600 6.563e-07
49700 5.389e-07
49800 5.86e-07
49900 7.52e-07
50000 8.546e-07
50100 6.732e-07
50200 7.638e-07
50300 6.593e-07
50400 7.116e-07
50500 6.256e-07
50600 6.306e-07
50700 6.15e-07
50800 6.118e-07
50900 5.956e-07
51000 6.002e-07
51100 6.064e-07
51200 6.196e-07
51300 6.352e-07
51400 6.186e-07
51500 6.255e-07
51600 6.352e-07
51700 6.173e-07
51800 6.21e-07
51900 7.579e-07
52000 9.201e-07
52100 5.765e-07
52200 5.782e-07
52300 6.561e-07
52400 6.225e-07
52500 6.508e-07
52600 6.368e-07
52700 7.483e-07
52800 6.149e-07
52900 6.215e-07
53000 7.001e-07
53100 6.409e-07
53200 6.096e-07
53300 5.956e-07
53400 6.282e-07
53500 6.58e-07
53600 6.361e-07
53700 6.341e-07
53800 6.246e-07
53900 6.202e-07
54000 6.192e-07
54100 9.534e-07
54200 1.2436e-06
54300 1.2407e-06
54400 1.2869e-06
54500 1.2841e-06
54600 1.2043e-06
54700 1.1562e-06
54800 1.1052e-06
54900 1.08e-06
55000 1.1206e-06
55100 1.0679e-06
55200 1.0441e-06
55300 1.1909e-06
55400 1.0707e-06
55500 1.098e-06
55600 1.0359e-06
55700 1.1574e-06
55800 1.1073e-06
55900 1.1225e-06
56000 1.4172e-06
56100 1.1802e-06
56200 7.312e-07
56300 8.272e-07
56400 1.235e-06
56500 1.1873e-06
56600 1.063e-06
56700 1.0441e-06
56800 1.0288e-06
56900 1.0665e-06
57000 1.1151e-06
57100 1.0925e-06
57200 1.1078e-06
57300 1.0667e-06
57400 1.2558e-06
57500 1.4695e-06
57600 1.2212e-06
57700 8.223e-07
57800 5.912e-07
57900 6.271e-07
58000 6.234e-07
58100 6.19e-07
58200 6.122e-07
58300 5.751e-07
58400 6.102e-07
58500 6.232e-07
58600 6.343e-07
58700 1.0238e-06
58800 8.988e-07
58900 8.54e-07
59000 4.78e-07
59100 5.194e-07
59200 6.938e-07
59300 6.727e-07
59400 6.165e-07
59500 6.169e-07
59600 6.158e-07
59700 6.085e-07
59800 6.229e-07
59900 6.604e-07
60000 7.687e-07
60100 9.75e-07
60200 6.418e-07
60300 5.619e-07
60400 6.246e-07
60500 6.392e-07
60600 7.092e-07
60700 7.008e-07
60800 6.65e-07
60900 6.947e-07
61000 6.863e-07
61100 7.971e-07
61200 8.632e-07
61300 7.342e-07
61400 6.649e-07
61500 6.236e-07
61600 6.21e-07
61700 6.462e-07
61800 6.231e-07
61900 6.33e-07
62000 6.48e-07
62100 6.377e-07
62200 6.074e-07
62300 6.193e-07
62400 6.134e-07
62500 6.555e-07
62600 6.625e-07
62700 6.467e-07
62800 6.372e-07
62900 6.311e-07
63000 5.926e-07
63100 6.532e-07
63200 6.365e-07
63300 6.223e-07
63400 8.536e-07
63500 1.069e-06
63600 1.0457e-06
63700 1.0939e-06
63800 1.0491e-06
63900 9.845e-07
64000 6.226e-07
64100 6.162e-07
64200 6.522e-07
64300 6.654e-07
64400 9.16e-07
64500 7.084e-07
64600 6.468e-07
64700 6.256e-07
64800 6.702e-07
64900 6.311e-07
65000 6.203e-07
65100 5.856e-07
65200 6.435e-07
65300 6.191e-07
65400 6.489e-07
65500 6.158e-07
65600 6.359e-07
65700 6.185e-07
65800 6.034e-07
65900 6.12e-07
66000 7.731e-07
66100 6.472e-07
66200 7.758e-07
66300 6.698e-07
66400 7.602e-07
66500 6.249e-07
66600 7.729e-07
66700 6.125e-07
66800 5.988e-07
66900 6.99e-07
67000 6.752e-07
67100 6.213e-07
67200 5.906e-07
67300 5.671e-07
67400 7.614e-07
67500 6.17e-07
67600 6.1e-07
67700 6.381e-07
67800 6.261e-07
67900 7.043e-07
68000 1.0304e-06
68100 1.0982e-06
68200 1.4318e-06
68300 1.2419e-06
68400 1.2322e-06
68500 1.2612e-06
68600 1.0606e-06
68700 1.0983e-06
68800 1.033e-06
68900 1.0691e-06
69000 1.0526e-06
69100 1.0584e-06
69200 1.0541e-06
69300 1.0628e-06
69400 1.4884e-06
69500 1.2688e-06
69600 6.602e-07
69700 6.842e-07
69800 6.731e-07
69900 6.216e-07
70000 6.334e-07
70100 6.568e-07
70200 6.454e-07
70300 7.638e-07
70400 6.872e-07
70500 6.37e-07
70600 6.514e-07
70700 7.708e-07
70800 7.76e-07
70900 7.773e-07
71000 8.225e-07
71100 7.845e-07
71200 7.842e-07
71300 7.945e-07
71400 6.211e-07
71500 6.173e-07
71600 6.277e-07
71700 6.188e-07
71800 6.235e-07
71900 6.249e-07
72000 6.197e-07
72100 6.117e-07
72200 6.327e-07
72300 6.134e-07
72400 6.134e-07
72500 5.619e-07
72600 6.366e-07
72700 6.222e-07
72800 7.776e-07
72900 1.0655e-06
73000 1.0627e-06
73100 1.3093e-06
73200 1.1375e-06
73300 1.2752e-06
73400 1.386e-06
73500 1.1918e-06
73600 1.0201e-06
73700 7.144e-07
73800 5.124e-07
73900 5.442e-07
74000 5.907e-07
74100 6.013e-07
74200 5.517e-07
74300 5.899e-07
74400 6.258e-07
74500 6.799e-07
74600 7.503e-07
74700 9.866e-07
74800 1.1494e-06
74900 7.538e-07
75000 6.409e-07
75100 6.616e-07
75200 1.0463e-06
75300 1.3223e-06
75400 1.4002e-06
75500 1.3059e-06
75600 1.479e-06
75700 1.2927e-06
75800 1.2995e-06
75900 1.2732e-06
76000 1.338e-06
76100 1.4684e-06
76200 1.4034e-06
76300 1.3516e-06
76400 1.6137e-06
76500 1.3066e-06
76600 1.1933e-06
76700 1.2517e-06
76800 1.2155e-06
76900 1.241e-06
77000 1.292e-06
77100 1.1825e-06
77200 1.2036e-06
77300 1.1822e-06
77400 1.4696e-06
77500 1.2385e-06
77600 1.2015e-06
77700 1.2499e-06
77800 1.2404e-06
77900 1.227e-06
78000 1.273e-06
78100 1.2638e-06
78200 1.1936e-06
78300 8.933e-07
78400 6.043e-07
78500 6.279e-07
78600 7.106e-07
78700 8.058e-07
78800 7.813e-07
78900 7.772e-07
79000 8.014e-07
79100 7.688e-07
79200 8.119e-07
79300 8.488e-07
79400 5.922e-07
79500 5.752e-07
79600 6.475e-07
79700 6.275e-07
79800 6.299e-07
79900 5.943e-07
80000 8.267e-07
80100 6.534e-07
80200 1.0862e-06
80300 1.0196e-06
80400 8.982e-07
80500 9.064e-07
80600 7.558e-07
80700 6.619e-07
80800 6.235e-07
80900 7.385e-07
81000 6.292e-07
81100 6.3e-07
81200 5.382e-07
81300 5.683e-07
81400 6.301e-07
81500 6.15e-07
81600 6.917e-07
81700 9.322e-07
81800 8.343e-07
81900 6.81e-07
82000 6.399e-07
82100 7.905e-07
82200 9.811e-07
82300 9.322e-07
82400 9.298e-07
82500 8.234e-07
82600 6.229e-07
82700 8.729e-07
82800 1.273e-06
82900 1.4539e-06
83000 1.5051e-06
83100 1.212e-06
83200 1.2866e-06
83300 1.2374e-06
83400 1.1602e-06
83500 1.179e-06
83600 9.14e-07
83700 6.097e-07
83800 6.445e-07
83900 6.414e-07
84000 1.0132e-06
84100 1.128e-06
84200 1.1046e-06
84300 1.0713e-06
84400 1.06e-06
84500 1.0422e-06
84600 1.0407e-06
84700 1.0573e-06
84800 1.0779e-06
84900 1.0711e-06
85000 1.0598e-06
85100 1.0682e-06
85200 1.3507e-06
85300 1.1023e-06
85400 1.0972e-06
85500 1.053e-06
85600 1.1634e-06
85700 1.5583e-06
85800 1.3044e-06
85900 1.2019e-06
86000 1.1328e-06
86100 1.1559e-06
86200 1.1657e-06
86300 1.2806e-06
86400 1.1832e-06
86500 1.1064e-06
86600 1.0808e-06
86700 1.0505e-06
86800 1.061e-06
86900 1.0944e-06
87000 1.0394e-06
87100 1.0546e-06
87200 1.3838e-06
87300 1.0756e-06
87400 1.0471e-06
87500 1.1144e-06
87600 8.499e-07
87700 5.796e-07
87800 6.284e-07
87900 6.219e-07
88000 6.177e-07
88100 6.313e-07
88200 6.35e-07
88300 1.0168e-06
88400 1.1595e-06
88500 1.2668e-06
88600 1.2721e-06
88700 1.1312e-06
88800 1.0698e-06
88900 1.1656e-06
89000 1.0545e-06
89100 9.672e-07
89200 1.012e-06
89300 9.94e-07
89400 8.136e-07
89500 6.025e-07
89600 5.797e-07
89700 8.075e-07
89800 6.272e-07
89900 6.297e-07
90000 6.278e-07
90100 6.306e-07
90200 6.688e-07
90300 6.586e-07
90400 6.475e-07
90500 6.225e-07
90600 6.253e-07
90700 6.366e-07
90800 8.131e-07
90900 6.258e-07
91000 6.168e-07
91100 6.151e-07
91200 6.145e-07
91300 6.134e-07
91400 6.1e-07
91500 6.26e-07
91600 7.689e-07
91700 7.799e-07
91800 8.013e-07
91900 7.681e-07
92000 8.829e-07
92100 8.132e-07
92200 8.392e-07
92300 6.774e-07
92400 5.102e-07
92500 5.162e-07
92600 5.387e-07
92700 5.0288e-06
92800 5.444e-07
92900 5.047e-07
93000 4.681e-07
93100 5.545e-07
93200 5.887e-07
93300 5.694e-07
93400 5.352e-07
93500 5.033e-07
93600 6.064e-07
93700 5.882e-07
93800 6.948e-07
93900 7.139e-07
94000 8.893e-07
94100 7.231e-07
94200 7.335e-07
94300 7.166e-07
94400 7.443e-07
94500 7.182e-07
94600 7.242e-07
94700 1.568e-06
94800 7.117e-07
94900 7.079e-07
95000 6.713e-07
95100 7.976e-07
95200 7.137e-07
95300 7.503e-07
95400 7.191e-07
95500 7.163e-07
95600 7.144e-07
95700 6.706e-07
95800 7.375e-07
95900 7.064e-07
96000 6.899e-07
96100 5.871e-07
96200 7.076e-07
96300 7.085e-07
96400 6.953e-07
96500 8.137e-07
96600 4.951e-07
96700 5.21e-07
96800 4.794e-07
96900 7.403e-07
97000 6.733e-07
97100 7.075e-07
97200 9.029e-07
97300 7.171e-07
97400 7.266e-07
97500 7.051e-07
97600 7.412e-07
97700 7e-07
97800 7.287e-07
97900 7.83e-07
98000 6.95e-07
98100 6.061e-07
98200 5.817e-07
98300 6.747e-07
98400 6.219e-07
98500 7.312e-07
98600 7.494e-07
98700 6.42e-07
98800 6.902e-07
98900 6.932e-07
99000 9.778e-07
99100 7.092e-07
99200 6.576e-07
99300 7.53e-07
99400 6.475e-07
99500 5.165e-07
99600 8.296e-07
99700 7.072e-07
99800 7.122e-07
99900 7.28e-07
100000 7.087e-07
