100 6e-06
200 3.5e-06
300 6e-06
400 7.5e-06
500 8.5e-06
600 1e-05
700 1.4e-05
800 1.45e-05
900 1.75e-05
1000 1.75e-05
1100 1.85e-05
1200 1.95e-05
1300 2.2e-05
1400 2.5e-05
1500 2.55e-05
1600 2.45e-05
1700 2.65e-05
1800 2.7e-05
1900 3.1e-05
2000 3e-05
2100 3.2e-05
2200 3.5e-05
2300 3.15e-05
2400 3.85e-05
2500 3.3e-05
2600 3.35e-05
2700 3.4e-05
2800 3.7e-05
2900 3.7e-05
3000 3.75e-05
3100 3.9e-05
3200 4.95e-05
3300 4.2e-05
3400 5e-05
3500 5.2e-05
3600 4.9e-05
3700 4.95e-05
3800 5e-05
3900 5.05e-05
4000 5.25e-05
4100 5.3e-05
4200 5.55e-05
4300 6e-05
4400 5.95e-05
4500 9.9e-05
4600 0.000144
4700 8.1e-05
4800 8.45e-05
4900 9.35e-05
5000 7.2e-05
5100 7.75e-05
5200 8.3e-05
5300 8.1e-05
5400 7.4e-05
5500 7.05e-05
5600 7.85e-05
5700 8.5e-05
5800 8.6e-05
5900 8.15e-05
6000 8.25e-05
6100 7.6e-05
6200 7.6e-05
6300 7.8e-05
6400 7.9e-05
6500 8e-05
6600 8.1e-05
6700 8.25e-05
6800 8.4e-05
6900 8.5e-05
7000 0.0001445
7100 9.25e-05
7200 0.000114
7300 9.15e-05
7400 9.85e-05
7500 0.000102
7600 9.7e-05
7700 9.5e-05
7800 9.65e-05
7900 0.000107
8000 9.85e-05
8100 9.95e-05
8200 0.0001185
8300 0.0001125
8400 0.000104
8500 0.0001315
8600 0.000116
8700 0.0001255
8800 0.000116
8900 0.000121
9000 0.0001305
9100 0.0001305
9200 0.0001205
9300 0.000137
9400 0.0001375
9500 0.000142
9600 0.0001605
9700 0.0001515
9800 0.000127
9900 0.000129
10000 0.0001315
10100 0.00014
10200 0.000135
10300 0.00013
10400 0.000128
10500 0.0001295
10600 0.0001305
10700 0.000132
10800 0.0002735
10900 0.000134
11000 0.0001355
11100 0.000138
11200 0.000139
11300 0.000139
11400 0.00014
11500 0.000141
11600 0.0001435
11700 0.000144
11800 0.0001455
11900 0.000157
12000 0.000225
12100 0.0002435
12200 0.0002015
12300 0.000152
12400 0.000153
12500 0.0001535
12600 0.0001555
12700 0.000156
12800 0.0002055
12900 0.000163
13000 0.000164
13100 0.0001635
13200 0.00019
13300 0.0001725
13400 0.0001655
13500 0.0001635
13600 0.000181
13700 0.000194
13800 0.0001655
13900 0.0001665
14000 0.0001875
14100 0.000171
14200 0.0001995
14300 0.0001765
14400 0.0001775
14500 0.0001785
14600 0.0002325
14700 0.0002105
14800 0.000182
14900 0.000184
15000 0.000185
15100 0.000185
15200 0.0001865
15300 0.00019
15400 0.0001905
15500 0.0001915
15600 0.0001925
15700 0.000193
15800 0.000197
15900 0.0001915
16000 0.000193
16100 0.0002125
16200 0.000194
16300 0.000195
16400 0.000267
16500 0.0001985
16600 0.000199
16700 0.0002
16800 0.000201
16900 0.0002425
17000 0.000204
17100 0.000205
17200 0.00022
17300 0.00021
17400 0.000214
17500 0.000215
17600 0.0002165
17700 0.0002175
17800 0.0002705
17900 0.000283
18000 0.000275
18100 0.000293
18200 0.000246
18300 0.0002935
18400 0.000264
18500 0.000352
18600 0.000246
18700 0.0002435
18800 0.00025
18900 0.0002465
19000 0.0002525
19100 0.000342
19200 0.000292
19300 0.0002675
19400 0.000264
19500 0.000259
19600 0.0002795
19700 0.0002805
19800 0.000253
19900 0.000251
20000 0.0002515
20100 0.000254
20200 0.0002415
20300 0.000242
20400 0.0004085
20500 0.0003145
20600 0.000301
20700 0.0002585
20800 0.0002565
20900 0.000283
21000 0.0002885
21100 0.0002605
21200 0.0002925
21300 0.000267
21400 0.000304
21500 0.000266
21600 0.000417
21700 0.000297
21800 0.0002685
21900 0.0002825
22000 0.0002705
22100 0.000309
22200 0.000317
22300 0.000273
22400 0.000275
22500 0.000275
22600 0.000277
22700 0.000288
22800 0.000366
22900 0.0002745
23000 0.0002765
23100 0.0002765
23200 0.0002785
23300 0.000281
23400 0.000323
23500 0.0002825
23600 0.000282
23700 0.0002835
23800 0.0003415
23900 0.000343
24000 0.000355
24100 0.0002895
24200 0.000293
24300 0.0002985
24400 0.0002995
24500 0.0004035
24600 0.0003395
24700 0.0002955
24800 0.000297
24900 0.0003155
25000 0.0004295
25100 0.0003015
25200 0.0003125
25300 0.0003095
25400 0.0003115
25500 0.000356
25600 0.000319
25700 0.000334
25800 0.000327
25900 0.0003275
26000 0.0003305
26100 0.0003485
26200 0.000333
26300 0.000335
26400 0.000333
26500 0.000334
26600 0.0005795
26700 0.0003435
26800 0.0003385
26900 0.0003385
27000 0.000357
27100 0.0003825
27200 0.0003975
27300 0.000504
27400 0.000519
27500 0.000425
27600 0.000411
27700 0.000361
27800 0.000394
27900 0.0003845
28000 0.000348
28100 0.000397
28200 0.00035
28300 0.000351
28400 0.0003505
28500 0.0003505
28600 0.000351
28700 0.0005195
28800 0.000358
28900 0.000356
29000 0.000355
29100 0.0003615
29200 0.000441
29300 0.0003625
29400 0.000361
29500 0.0003705
29600 0.000366
29700 0.0003595
29800 0.000374
29900 0.0003705
30000 0.0004405
30100 0.0003805
30200 0.000499
30300 0.000374
30400 0.0003735
30500 0.000391
30600 0.0003865
30700 0.0004095
30800 0.000379
30900 0.000529
31000 0.0005155
31100 0.000382
31200 0.0003845
31300 0.0003865
31400 0.000422
31500 0.0003885
31600 0.0003885
31700 0.0003895
31800 0.000421
31900 0.000403
32000 0.000409
32100 0.000401
32200 0.000408
32300 0.0004125
32400 0.0003975
32500 0.0003985
32600 0.0003935
32700 0.000445
32800 0.0003925
32900 0.0004105
33000 0.000674
33100 0.000398
33200 0.0004155
33300 0.000434
33400 0.000436
33500 0.0004185
33600 0.0004235
33700 0.000402
33800 0.000684
33900 0.000492
34000 0.0004205
34100 0.000408
34200 0.000512
34300 0.000541
34400 0.0004265
34500 0.0004625
34600 0.000451
34700 0.000433
34800 0.00051
34900 0.000435
35000 0.000432
35100 0.0004305
35200 0.000436
35300 0.000667
35400 0.000428
35500 0.0004305
35600 0.0004415
35700 0.0004805
35800 0.000448
35900 0.000441
36000 0.000515
36100 0.00059
36200 0.0004815
36300 0.000445
36400 0.000496
36500 0.0005115
36600 0.00045
36700 0.0005305
36800 0.000447
36900 0.000464
37000 0.0004525
37100 0.000465
37200 0.0004935
37300 0.000483
37400 0.000473
37500 0.0007595
37600 0.0004575
37700 0.0004625
37800 0.000526
37900 0.000514
38000 0.000496
38100 0.000456
38200 0.0004555
38300 0.000483
38400 0.0004705
38500 0.0004645
38600 0.000537
38700 0.000484
38800 0.0004625
38900 0.0005345
39000 0.000502
39100 0.000479
39200 0.000468
39300 0.0005345
39400 0.0004915
39500 0.000485
39600 0.0007385
39700 0.000482
39800 0.0004965
39900 0.0004985
40000 0.0004995
40100 0.0004965
40200 0.0004885
40300 0.000526
40400 0.000497
40500 0.0004985
40600 0.000724
40700 0.000512
40800 0.000523
40900 0.0005065
41000 0.000532
41100 0.0005105
41200 0.000744
41300 0.0005125
41400 0.000513
41500 0.0007335
41600 0.0005155
41700 0.000579
41800 0.000711
41900 0.0005235
42000 0.0005715
42100 0.0005445
42200 0.000545
42300 0.000526
42400 0.0005245
42500 0.000542
42600 0.000525
42700 0.0006025
42800 0.000656
42900 0.0005295
43000 0.000529
43100 0.0006085
43200 0.000627
43300 0.000646
43400 0.000747
43500 0.000718
43600 0.000715
43700 0.00054
43800 0.0005395
43900 0.000559
44000 0.0005735
44100 0.0005465
44200 0.0006565
44300 0.0005535
44400 0.000556
44500 0.0007245
44600 0.0005725
44700 0.000656
44800 0.0005675
44900 0.0005655
45000 0.000581
45100 0.00059
45200 0.00056
45300 0.0006215
45400 0.000568
45500 0.0005655
45600 0.000581
45700 0.0005595
45800 0.0005715
45900 0.0005845
46000 0.0006735
46100 0.000572
46200 0.000936
46300 0.000578
46400 0.0005755
46500 0.000601
46600 0.000592
46700 0.000825
46800 0.0005905
46900 0.0005815
47000 0.0006025
47100 0.0006565
47200 0.000582
47300 0.0005945
47400 0.000594
47500 0.0005825
47600 0.000743
47700 0.0005935
47800 0.0005765
47900 0.000608
48000 0.000605
48100 0.0006195
48200 0.0006665
48300 0.0005965
48400 0.0007055
48500 0.0006765
48600 0.000609
48700 0.0008365
48800 0.0006045
48900 0.000668
49000 0.0007415
49100 0.0005995
49200 0.0006865
49300 0.0006305
49400 0.000606
49500 0.0006105
49600 0.0006355
49700 0.0006165
49800 0.0006705
49900 0.0006745
50000 0.001
50100 0.0006375
50200 0.0006315
50300 0.000624
50400 0.000687
50500 0.0006265
50600 0.0006825
50700 0.0006965
50800 0.000642
50900 0.000642
51000 0.0006295
51100 0.0011315
51200 0.0006765
51300 0.000709
51400 0.0006425
51500 0.0006795
51600 0.0011445
51700 0.000677
51800 0.0007985
51900 0.000666
52000 0.0007355
52100 0.0008225
52200 0.0006725
52300 0.0007195
52400 0.0006655
52500 0.0006545
52600 0.0006655
52700 0.000665
52800 0.000892
52900 0.000687
53000 0.0007255
53100 0.0007185
53200 0.0006625
53300 0.0006885
53400 0.0006965
53500 0.000705
53600 0.000685
53700 0.00066
53800 0.00083
53900 0.0006905
54000 0.0007135
54100 0.0007055
54200 0.000674
54300 0.0007855
54400 0.000829
54500 0.0007525
54600 0.0008815
54700 0.0007765
54800 0.0007495
54900 0.000722
55000 0.0007475
55100 0.0008655
55200 0.0007945
55300 0.0007545
55400 0.0007035
55500 0.000699
55600 0.000726
55700 0.000696
55800 0.0007825
55900 0.000722
56000 0.0008375
56100 0.0007275
56200 0.0008415
56300 0.0007855
56400 0.000734
56500 0.0007605
56600 0.000719
56700 0.000765
56800 0.000787
56900 0.000828
57000 0.0007715
57100 0.000738
57200 0.000723
57300 0.0008235
57400 0.000738
57500 0.000721
57600 0.000723
57700 0.00072
57800 0.000957
57900 0.0007335
58000 0.000839
58100 0.000716
58200 0.0007135
58300 0.000755
58400 0.0007435
58500 0.001208
58600 0.000742
58700 0.001036
58800 0.0007425
58900 0.0007755
59000 0.0007395
59100 0.0010685
59200 0.000804
59300 0.0007475
59400 0.0007605
59500 0.0007525
59600 0.0008465
59700 0.000782
59800 0.000787
59900 0.0007655
60000 0.000776
60100 0.000827
60200 0.0008705
60300 0.000933
60400 0.0008395
60500 0.0008245
60600 0.0009325
60700 0.000958
60800 0.0008775
60900 0.0009525
61000 0.000902
61100 0.001011
61200 0.0010995
61300 0.000984
61400 0.0011975
61500 0.00087
61600 0.0008635
61700 0.000974
61800 0.000881
61900 0.000858
62000 0.00087
62100 0.0010625
62200 0.0010895
62300 0.0011255
62400 0.0009615
62500 0.000866
62600 0.0009575
62700 0.00101
62800 0.000932
62900 0.001018
63000 0.0008975
63100 0.0009775
63200 0.000863
63300 0.000848
63400 0.0008755
63500 0.000858
63600 0.000827
63700 0.0008015
63800 0.000856
63900 0.0008225
64000 0.0008285
64100 0.000818
64200 0.00089
64300 0.000823
64400 0.000823
64500 0.000868
64600 0.000853
64700 0.0008225
64800 0.0009045
64900 0.000833
65000 0.0008455
65100 0.0008495
65200 0.0008445
65300 0.000826
65400 0.0008415
65500 0.0008435
65600 0.001064
65700 0.0008315
65800 0.001146
65900 0.0009125
66000 0.00111
66100 0.000903
66200 0.000928
66300 0.0012605
66400 0.0008455
66500 0.0008685
66600 0.000872
66700 0.0013705
66800 0.000958
66900 0.001112
67000 0.0009215
67100 0.00087
67200 0.0011725
67300 0.000929
67400 0.0008685
67500 0.000909
67600 0.0008815
67700 0.0008665
67800 0.000881
67900 0.0008585
68000 0.00086
68100 0.000861
68200 0.0009235
68300 0.0008385
68400 0.0009
68500 0.000992
68600 0.0009155
68700 0.001104
68800 0.0009455
68900 0.0008585
69000 0.000864
69100 0.000999
69200 0.000916
69300 0.001014
69400 0.0009655
69500 0.0008605
69600 0.0009665
69700 0.000898
69800 0.000949
69900 0.0009705
70000 0.0010045
70100 0.0009435
70200 0.000932
70300 0.0010475
70400 0.0010025
70500 0.000955
70600 0.000878
70700 0.000909
70800 0.000925
70900 0.0009155
71000 0.000927
71100 0.0009725
71200 0.0009975
71300 0.000936
71400 0.001048
71500 0.0009125
71600 0.0009705
71700 0.0009175
71800 0.0010385
71900 0.0009575
72000 0.000916
72100 0.0008995
72200 0.0009175
72300 0.0009075
72400 0.0010095
72500 0.0012085
72600 0.000986
72700 0.0009405
72800 0.0009765
72900 0.000915
73000 0.0009255
73100 0.000906
73200 0.000989
73300 0.001038
73400 0.0010365
73500 0.000968
73600 0.0009805
73700 0.000978
73800 0.000945
73900 0.001108
74000 0.0009485
74100 0.0010365
74200 0.0009355
74300 0.0011335
74400 0.000953
74500 0.000979
74600 0.0012985
74700 0.001157
74800 0.0010395
74900 0.001175
75000 0.0009865
75100 0.001062
75200 0.000948
75300 0.0012735
75400 0.0009655
75500 0.001003
75600 0.0010165
75700 0.000987
75800 0.001082
75900 0.0009665
76000 0.001077
76100 0.0010965
76200 0.0009915
76300 0.0010895
76400 0.001058
76500 0.0010025
76600 0.001265
76700 0.000989
76800 0.0009645
76900 0.0010025
77000 0.001049
77100 0.001066
77200 0.001081
77300 0.0011025
77400 0.0010285
77500 0.0010975
77600 0.001087
77700 0.0010295
77800 0.0010395
77900 0.0010965
78000 0.001008
78100 0.0010105
78200 0.001038
78300 0.00108
78400 0.0010865
78500 0.001013
78600 0.0010805
78700 0.001021
78800 0.001009
78900 0.001156
79000 0.0011415
79100 0.001286
79200 0.0011005
79300 0.0010885
79400 0.001055
79500 0.0009945
79600 0.001077
79700 0.001073
79800 0.001171
79900 0.001192
80000 0.0011095
80100 0.001082
80200 0.0013605
80300 0.0010995
80400 0.001064
80500 0.001077
80600 0.0010895
80700 0.0010695
80800 0.001145
80900 0.001066
81000 0.0010445
81100 0.0010275
81200 0.0010675
81300 0.0011445
81400 0.001016
81500 0.0011775
81600 0.001085
81700 0.0010695
81800 0.0011255
81900 0.001141
82000 0.0011885
82100 0.001252
82200 0.0010815
82300 0.001187
82400 0.0011445
82500 0.001107
82600 0.0011185
82700 0.001233
82800 0.0010815
82900 0.0013325
83000 0.0012375
83100 0.001114
83200 0.001198
83300 0.0010905
83400 0.0011055
83500 0.001338
83600 0.001476
83700 0.001147
83800 0.0013425
83900 0.001309
84000 0.001096
84100 0.001387
84200 0.001242
84300 0.001099
84400 0.0011535
84500 0.0012135
84600 0.0011435
84700 0.001303
84800 0.0012505
84900 0.0011265
85000 0.001119
85100 0.001103
85200 0.0014365
85300 0.001166
85400 0.0012545
85500 0.0013255
85600 0.001252
85700 0.0011295
85800 0.0012215
85900 0.001222
86000 0.001149
86100 0.00125
86200 0.001135
86300 0.00129
86400 0.0011655
86500 0.001121
86600 0.0010965
86700 0.001233
86800 0.001204
86900 0.001142
87000 0.001139
87100 0.0011275
87200 0.001528
87300 0.0011845
87400 0.001179
87500 0.001166
87600 0.0011535
87700 0.001151
87800 0.0012075
87900 0.0012905
88000 0.0012265
88100 0.001209
88200 0.0013205
88300 0.0012565
88400 0.0012145
88500 0.0013955
88600 0.0011615
88700 0.0011885
88800 0.001242
88900 0.001258
89000 0.0011805
89100 0.0013075
89200 0.001305
89300 0.001194
89400 0.001232
89500 0.0014945
89600 0.0012455
89700 0.0013195
89800 0.001184
89900 0.0012475
90000 0.001185
90100 0.001175
90200 0.0011835
90300 0.0012225
90400 0.0014915
90500 0.0012725
90600 0.001232
90700 0.001185
90800 0.001369
90900 0.0012825
91000 0.0011995
91100 0.0012115
91200 0.001414
91300 0.001217
91400 0.0012165
91500 0.001191
91600 0.0014915
91700 0.0012355
91800 0.001259
91900 0.001203
92000 0.001184
92100 0.0011835
92200 0.00129
92300 0.0014045
92400 0.001214
92500 0.0012355
92600 0.0011985
92700 0.001344
92800 0.0012
92900 0.0012945
93000 0.0011995
93100 0.001186
93200 0.001253
93300 0.0013495
93400 0.0013345
93500 0.001255
93600 0.0012215
93700 0.001563
93800 0.001244
93900 0.001352
94000 0.0012425
94100 0.001243
94200 0.001293
94300 0.001239
94400 0.0012415
94500 0.0012395
94600 0.0012605
94700 0.0012015
94800 0.001265
94900 0.0013095
95000 0.0014605
95100 0.001293
95200 0.0013175
95300 0.0013275
95400 0.0012525
95500 0.001374
95600 0.0013215
95700 0.0012515
95800 0.0013035
95900 0.0013485
96000 0.0013155
96100 0.00153
96200 0.001343
96300 0.0013325
96400 0.0013955
96500 0.00132
96600 0.001494
96700 0.0013475
96800 0.001404
96900 0.0012815
97000 0.001347
97100 0.0016185
97200 0.0013145
97300 0.001303
97400 0.001343
97500 0.001301
97600 0.001288
97700 0.0012915
97800 0.001293
97900 0.001374
98000 0.001381
98100 0.001375
98200 0.0013615
98300 0.001323
98400 0.00141
98500 0.001344
98600 0.0012965
98700 0.001376
98800 0.001543
98900 0.001272
99000 0.001336
99100 0.001433
99200 0.0013525
99300 0.00163
99400 0.001294
99500 0.0013125
99600 0.001333
99700 0.0013175
99800 0.0014615
99900 0.001322
