100 3.5e-06
200 4e-06
300 6e-06
400 7.5e-06
500 8.5e-06
600 1e-05
700 1.25e-05
800 1.35e-05
900 1.6e-05
1000 1.7e-05
1100 1.75e-05
1200 1.9e-05
1300 2.05e-05
1400 2.3e-05
1500 2.55e-05
1600 2.4e-05
1700 3.05e-05
1800 2.65e-05
1900 3.05e-05
2000 3e-05
2100 3.2e-05
2200 3.5e-05
2300 3.25e-05
2400 4.5e-05
2500 3.3e-05
2600 3.4e-05
2700 3.5e-05
2800 3.55e-05
2900 3.7e-05
3000 3.8e-05
3100 3.95e-05
3200 4.1e-05
3300 4.25e-05
3400 4.95e-05
3500 4.9e-05
3600 5e-05
3700 5.35e-05
3800 5.55e-05
3900 5.15e-05
4000 5.4e-05
4100 5.45e-05
4200 6e-05
4300 5.65e-05
4400 6.1e-05
4500 0.024964
4600 7.15e-05
4700 0.0001125
4800 6.85e-05
4900 9.35e-05
5000 7.4e-05
5100 7.7e-05
5200 7.65e-05
5300 9.7e-05
5400 8.4e-05
5500 7.5e-05
5600 7.45e-05
5700 7.8e-05
5800 8.55e-05
5900 7.9e-05
6000 7.85e-05
6100 7.6e-05
6200 7.75e-05
6300 7.9e-05
6400 7.9e-05
6500 8.1e-05
6600 8.25e-05
6700 8.35e-05
6800 8.55e-05
6900 8.6e-05
7000 0.0001025
7100 9.45e-05
7200 0.00011
7300 0.0001095
7400 0.0001015
7500 0.000128
7600 0.0001005
7700 9.65e-05
7800 9.75e-05
7900 0.000104
8000 0.000111
8100 0.000119
8200 0.0001025
8300 0.0001145
8400 0.000108
8500 0.0001175
8600 0.0001305
8700 0.0001195
8800 0.0001205
8900 0.0001235
9000 0.0001675
9100 0.000134
9200 0.000129
9300 0.000159
9400 0.000139
9500 0.0001975
9600 0.000307
9700 0.0001495
9800 0.000132
9900 0.0001335
10000 0.0001395
10100 0.000158
10200 0.0001345
10300 0.000136
10400 0.0001295
10500 0.000131
10600 0.000132
10700 0.000134
10800 0.0001785
10900 0.0001845
11000 0.000137
11100 0.000139
11200 0.00014
11300 0.0001515
11400 0.0001425
11500 0.000143
11600 0.000144
11700 0.0001455
11800 0.0001475
11900 0.000178
12000 0.0002265
12100 0.0003685
12200 0.0001655
12300 0.000153
12400 0.000155
12500 0.000156
12600 0.000157
12700 0.0001585
12800 0.0001665
12900 0.0001655
13000 0.0001665
13100 0.000165
13200 0.0001935
13300 0.000166
13400 0.000221
13500 0.0001665
13600 0.000165
13700 0.0001915
13800 0.000187
13900 0.000169
14000 0.000224
14100 0.000192
14200 0.0001765
14300 0.000181
14400 0.000179
14500 0.0001805
14600 0.000256
14700 0.0001905
14800 0.0001845
14900 0.000186
15000 0.000187
15100 0.000188
15200 0.00019
15300 0.000191
15400 0.000193
15500 0.000274
15600 0.0001955
15700 0.000196
15800 0.000192
15900 0.000193
16000 0.0001955
16100 0.0002375
16200 0.000198
16300 0.000198
16400 0.00026
16500 0.00023
16600 0.0002035
16700 0.0002035
16800 0.000204
16900 0.0002055
17000 0.0002075
17100 0.0002075
17200 0.0002505
17300 0.000223
17400 0.000217
17500 0.000219
17600 0.00022
17700 0.000284
17800 0.0002285
17900 0.0002755
18000 0.0003095
18100 0.0002985
18200 0.0002545
18300 0.0002805
18400 0.0003075
18500 0.000258
18600 0.000263
18700 0.0002705
18800 0.000269
18900 0.000253
19000 0.0002905
19100 0.00037
19200 0.0002915
19300 0.000287
19400 0.000281
19500 0.000273
19600 0.0002985
19700 0.000285
19800 0.000262
19900 0.0002545
20000 0.000257
20100 0.000257
20200 0.000246
20300 0.000282
20400 0.000514
20500 0.0003355
20600 0.000351
20700 0.0002695
20800 0.000298
20900 0.000263
21000 0.000278
21100 0.0002805
21200 0.00027
21300 0.0002915
21400 0.0002705
21500 0.000313
21600 0.0007095
21700 0.0002945
21800 0.000305
21900 0.00028
22000 0.0003285
22100 0.000346
22200 0.000281
22300 0.000279
22400 0.000279
22500 0.0002815
22600 0.000281
22700 0.0003525
22800 0.000305
22900 0.0002795
23000 0.000279
23100 0.0002815
23200 0.0002815
23300 0.000292
23400 0.000321
23500 0.000291
23600 0.0002885
23700 0.0002875
23800 0.00029
23900 0.0004215
24000 0.0002975
24100 0.0003045
24200 0.0002985
24300 0.000302
24400 0.000304
24500 0.000391
24600 0.0003935
24700 0.000317
24800 0.00032
24900 0.000302
25000 0.000384
25100 0.0004115
25200 0.0003415
25300 0.0003155
25400 0.0003165
25500 0.0003285
25600 0.000333
25700 0.000332
25800 0.000363
25900 0.0003355
26000 0.000316
26100 0.00034
26200 0.000338
26300 0.0003505
26400 0.0003385
26500 0.000396
26600 0.00062
26700 0.000418
26800 0.0003375
26900 0.000344
27000 0.000524
27100 0.000461
27200 0.000434
27300 0.000506
27400 0.0005125
27500 0.0004715
27600 0.0003975
27700 0.000466
27800 0.0004135
27900 0.000407
28000 0.0004395
28100 0.0003555
28200 0.000358
28300 0.0003625
28400 0.0004075
28500 0.0003555
28600 0.000372
28700 0.000411
28800 0.0003745
28900 0.0003595
29000 0.000433
29100 0.000365
29200 0.0003725
29300 0.000384
29400 0.000366
29500 0.000367
29600 0.000403
29700 0.0003955
29800 0.0003845
29900 0.000375
30000 0.000396
30100 0.00048
30200 0.0005035
30300 0.000379
30400 0.00038
30500 0.0004985
30600 0.000399
30700 0.0003835
30800 0.000401
30900 0.000624
31000 0.000454
31100 0.00039
31200 0.0003895
31300 0.0003905
31400 0.00043
31500 0.000403
31600 0.0003965
31700 0.0003995
31800 0.0004215
31900 0.000397
32000 0.000427
32100 0.00039
32200 0.000731
32300 0.0004065
32400 0.000403
32500 0.000433
32600 0.0004395
32700 0.000413
32800 0.0004845
32900 0.000417
33000 0.0005375
33100 0.000506
33200 0.000435
33300 0.000404
33400 0.000639
33500 0.00046
33600 0.0004365
33700 0.000446
33800 0.000483
33900 0.0004295
34000 0.000485
34100 0.000477
34200 0.0004675
34300 0.0004875
34400 0.0004425
34500 0.0004305
34600 0.000426
34700 0.000421
34800 0.000427
34900 0.00064
35000 0.0004825
35100 0.000439
35200 0.00045
35300 0.0005815
35400 0.000489
35500 0.0005295
35600 0.0004515
35700 0.000533
35800 0.000465
35900 0.000447
36000 0.0004535
36100 0.0005695
36200 0.0004545
36300 0.000454
36400 0.000508
36500 0.0004805
36600 0.000456
36700 0.0005385
36800 0.000584
36900 0.000521
37000 0.000461
37100 0.0004705
37200 0.0004735
37300 0.0004535
37400 0.000474
37500 0.000574
37600 0.0004935
37700 0.0004705
37800 0.000474
37900 0.0005155
38000 0.0005215
38100 0.000501
38200 0.000624
38300 0.0004935
38400 0.0004925
38500 0.000557
38600 0.000566
38700 0.000496
38800 0.0005085
38900 0.0005755
39000 0.0005135
39100 0.000554
39200 0.0006325
39300 0.000577
39400 0.000503
39500 0.000518
39600 0.0005105
39700 0.00051
39800 0.0005
39900 0.000505
40000 0.000516
40100 0.0005115
40200 0.0007365
40300 0.000497
40400 0.0005865
40500 0.000509
40600 0.000607
40700 0.0005395
40800 0.0005065
40900 0.000653
41000 0.0006025
41100 0.000525
41200 0.0005315
41300 0.00055
41400 0.0006255
41500 0.0007265
41600 0.000549
41700 0.0005555
41800 0.000653
41900 0.0005505
42000 0.000546
42100 0.000542
42200 0.0005545
42300 0.000535
42400 0.000644
42500 0.0005665
42600 0.0005535
42700 0.000539
42800 0.0008495
42900 0.0005405
43000 0.000534
43100 0.0007245
43200 0.0006735
43300 0.00063
43400 0.000765
43500 0.0007275
43600 0.0006005
43700 0.000551
43800 0.00059
43900 0.0005825
44000 0.00058
44100 0.000577
44200 0.0005795
44300 0.0005695
44400 0.0005675
44500 0.0007695
44600 0.0005845
44700 0.000739
44800 0.000716
44900 0.0006135
45000 0.000577
45100 0.0006345
45200 0.000572
45300 0.000616
45400 0.000586
45500 0.0005825
45600 0.000756
45700 0.000641
45800 0.0005785
45900 0.000826
46000 0.0006005
46100 0.000592
46200 0.0007065
46300 0.000604
46400 0.000596
46500 0.000603
46600 0.000676
46700 0.0007585
46800 0.000615
46900 0.0006
47000 0.0006095
47100 0.0006065
47200 0.0006
47300 0.000765
47400 0.000604
47500 0.0006735
47600 0.0007275
47700 0.0006295
47800 0.000665
47900 0.000648
48000 0.0006045
48100 0.0007335
48200 0.0006425
48300 0.000613
48400 0.0007335
48500 0.0006475
48600 0.0006115
48700 0.0007225
48800 0.000619
48900 0.000625
49000 0.0007085
49100 0.0006415
49200 0.0006775
49300 0.000669
49400 0.000619
49500 0.0008565
49600 0.000673
49700 0.0006345
49800 0.0007345
49900 0.00067
50000 0.000649
50100 0.00068
50200 0.000641
50300 0.000817
50400 0.000684
50500 0.0006415
50600 0.000723
50700 0.0006945
50800 0.0006525
50900 0.0007405
51000 0.0006915
51100 0.000677
51200 0.000729
51300 0.0008155
51400 0.0007575
51500 0.0006685
51600 0.0007135
51700 0.000685
51800 0.0007175
51900 0.000698
52000 0.000711
52100 0.000961
52200 0.0006985
52300 0.0009435
52400 0.000696
52500 0.000717
52600 0.0011205
52700 0.000678
52800 0.000786
52900 0.0007765
53000 0.000733
53100 0.0006985
53200 0.000719
53300 0.0009695
53400 0.000785
53500 0.0010135
53600 0.0007225
53700 0.000687
53800 0.000974
53900 0.0007275
54000 0.000723
54100 0.0008
54200 0.000853
54300 0.000805
54400 0.0008165
54500 0.0008385
54600 0.000902
54700 0.000805
54800 0.000836
54900 0.000802
55000 0.000744
55100 0.0008705
55200 0.000889
55300 0.0007255
55400 0.000818
55500 0.000736
55600 0.0007745
55700 0.000742
55800 0.001109
55900 0.0007295
56000 0.0007965
56100 0.0008625
56200 0.0008255
56300 0.000792
56400 0.0008275
56500 0.0007895
56600 0.0008185
56700 0.0008265
56800 0.0008275
56900 0.000885
57000 0.0007855
57100 0.000771
57200 0.0007975
57300 0.000858
57400 0.0007785
57500 0.0008505
57600 0.000774
57700 0.0007525
57800 0.0008245
57900 0.000815
58000 0.000747
58100 0.0007625
58200 0.0007255
58300 0.000796
58400 0.0007755
58500 0.000936
58600 0.00078
58700 0.0008685
58800 0.000781
58900 0.0007645
59000 0.000791
59100 0.000835
59200 0.000912
59300 0.0008475
59400 0.0008005
59500 0.000782
59600 0.000904
59700 0.001175
59800 0.0008435
59900 0.000805
60000 0.0008205
60100 0.000804
60200 0.001003
60300 0.0010255
60400 0.0008925
60500 0.0010075
60600 0.000967
60700 0.0009915
60800 0.001074
60900 0.000936
61000 0.000974
61100 0.0010065
61200 0.00114
61300 0.0010725
61400 0.000898
61500 0.001456
61600 0.000996
61700 0.001205
61800 0.00114
61900 0.001313
62000 0.0013505
62100 0.001001
62200 0.0014675
62300 0.0009725
62400 0.0009195
62500 0.0012635
62600 0.001106
62700 0.0010335
62800 0.0009915
62900 0.000979
63000 0.0010605
63100 0.0010125
63200 0.000957
63300 0.0009005
63400 0.0009985
63500 0.0008625
63600 0.0009145
63700 0.0009055
63800 0.000856
63900 0.00089
64000 0.0008895
64100 0.0008625
64200 0.0008785
64300 0.000874
64400 0.0008735
64500 0.000853
64600 0.000985
64700 0.0008745
64800 0.000892
64900 0.0009335
65000 0.0009395
65100 0.00089
65200 0.000887
65300 0.000899
65400 0.001339
65500 0.000911
65600 0.0011965
65700 0.0008885
65800 0.000921
65900 0.0009075
66000 0.0010355
66100 0.0012655
66200 0.0010095
66300 0.000895
66400 0.0009215
66500 0.001006
66600 0.0009625
66700 0.000951
66800 0.000895
66900 0.0011275
67000 0.001057
67100 0.0010065
67200 0.0011085
67300 0.00095
67400 0.000935
67500 0.0009585
67600 0.0009365
67700 0.0009705
67800 0.0009295
67900 0.000896
68000 0.00097
68100 0.001052
68200 0.0009235
68300 0.0012355
68400 0.0009455
68500 0.000935
68600 0.000988
68700 0.000908
68800 0.000943
68900 0.0010595
69000 0.000933
69100 0.0010725
69200 0.0011145
69300 0.000941
69400 0.0009225
69500 0.001044
69600 0.000975
69700 0.001066
69800 0.001032
69900 0.0011
70000 0.001209
70100 0.0011585
70200 0.001016
70300 0.0012595
70400 0.0010075
70500 0.001112
70600 0.000941
70700 0.001124
70800 0.001023
70900 0.001063
71000 0.0010365
71100 0.001015
71200 0.000964
71300 0.000956
71400 0.000968
71500 0.000981
71600 0.0010775
71700 0.0009865
71800 0.0012295
71900 0.0009765
72000 0.001048
72100 0.0011685
72200 0.0009655
72300 0.000953
72400 0.0009745
72500 0.00099
72600 0.0010725
72700 0.001023
72800 0.0012465
72900 0.001104
73000 0.0009785
73100 0.001017
73200 0.000998
73300 0.0010825
73400 0.0010515
73500 0.000966
73600 0.000983
73700 0.0010875
73800 0.0009855
73900 0.001096
74000 0.000998
74100 0.001176
74200 0.0010395
74300 0.001026
74400 0.001098
74500 0.0010255
74600 0.001297
74700 0.0010755
74800 0.00108
74900 0.0011205
75000 0.0010935
75100 0.0011085
75200 0.0009945
75300 0.00104
75400 0.0010845
75500 0.001133
75600 0.0010505
75700 0.0010525
75800 0.0011185
75900 0.001075
76000 0.001098
76100 0.001122
76200 0.001075
76300 0.0012775
76400 0.0010735
76500 0.0010285
76600 0.0010325
76700 0.0011945
76800 0.001028
76900 0.001029
77000 0.0010475
77100 0.001068
77200 0.001061
77300 0.00107
77400 0.001278
77500 0.0011245
77600 0.001147
77700 0.001105
77800 0.0010895
77900 0.001337
78000 0.001153
78100 0.001185
78200 0.001143
78300 0.001228
78400 0.001065
78500 0.0010665
78600 0.0012845
78700 0.001259
78800 0.0010635
78900 0.001063
79000 0.0010865
79100 0.001235
79200 0.001299
79300 0.001109
79400 0.0011535
79500 0.001194
79600 0.0011305
79700 0.0010855
79800 0.00113
79900 0.001257
80000 0.001191
80100 0.00113
80200 0.0010875
80300 0.001092
80400 0.001086
80500 0.001188
80600 0.0011
80700 0.0011325
80800 0.0011145
80900 0.001094
81000 0.001275
81100 0.001147
81200 0.001129
81300 0.0011165
81400 0.0010855
81500 0.001365
81600 0.001122
81700 0.001136
81800 0.0011605
81900 0.001156
82000 0.0011655
82100 0.00118
82200 0.001168
82300 0.001302
82400 0.0014
82500 0.0011935
82600 0.00134
82700 0.0013215
82800 0.001311
82900 0.00138
83000 0.001373
83100 0.001297
83200 0.00124
83300 0.0012815
83400 0.0012135
83500 0.0013075
83600 0.0012585
83700 0.001199
83800 0.0011835
83900 0.0012755
84000 0.001223
84100 0.001178
84200 0.001171
84300 0.001216
84400 0.0012895
84500 0.0012545
84600 0.0012605
84700 0.001447
84800 0.0013665
84900 0.001197
85000 0.001216
85100 0.0011835
85200 0.0011515
85300 0.0011675
85400 0.001184
85500 0.0012595
85600 0.0012005
85700 0.001191
85800 0.001245
85900 0.0014095
86000 0.001276
86100 0.001194
86200 0.001533
86300 0.0013075
86400 0.001227
86500 0.0011645
86600 0.001161
86700 0.0012455
86800 0.0014045
86900 0.0012865
87000 0.001232
87100 0.0015955
87200 0.001274
87300 0.001237
87400 0.0013165
87500 0.0013425
87600 0.001364
87700 0.0012315
87800 0.001369
87900 0.0015795
88000 0.001236
88100 0.0012435
88200 0.001402
88300 0.0013035
88400 0.0012365
88500 0.0013735
88600 0.0013305
88700 0.0012435
88800 0.001324
88900 0.00142
89000 0.001277
89100 0.0012985
89200 0.0012455
89300 0.00141
89400 0.001308
89500 0.00153
89600 0.001565
89700 0.0013195
89800 0.0013295
89900 0.001339
90000 0.001249
90100 0.0016035
90200 0.001318
90300 0.001257
90400 0.001551
90500 0.0013835
90600 0.00134
90700 0.0015455
90800 0.0014735
90900 0.0013365
91000 0.001288
91100 0.0014545
91200 0.0012945
91300 0.0012805
91400 0.001286
91500 0.00158
91600 0.0014565
91700 0.001327
91800 0.001309
91900 0.0013675
92000 0.001602
92100 0.0013005
92200 0.001298
92300 0.001261
92400 0.0013495
92500 0.001237
92600 0.0014745
92700 0.0012975
92800 0.0013735
92900 0.001399
93000 0.0012795
93100 0.0014355
93200 0.0013935
93300 0.001284
93400 0.001358
93500 0.0013215
93600 0.001327
93700 0.001366
93800 0.001412
93900 0.0018005
94000 0.001346
94100 0.001303
94200 0.0013085
94300 0.001378
94400 0.0013205
94500 0.0015795
94600 0.0013795
94700 0.0012655
94800 0.00133
94900 0.001515
95000 0.0012875
95100 0.0013805
95200 0.001296
95300 0.001749
95400 0.0013465
95500 0.00163
95600 0.001373
95700 0.0014125
95800 0.001314
95900 0.0013475
96000 0.0014255
96100 0.001345
96200 0.0016715
96300 0.001433
96400 0.001557
96500 0.0013765
96600 0.001497
96700 0.001351
96800 0.0015005
96900 0.0014275
97000 0.0013865
97100 0.0014395
97200 0.001469
97300 0.0016835
97400 0.001396
97500 0.0014675
97600 0.0016945
97700 0.001472
97800 0.00166
97900 0.0015155
98000 0.001431
98100 0.001663
98200 0.001484
98300 0.0021025
98400 0.0015365
98500 0.001438
98600 0.0013545
98700 0.001462
98800 0.0013665
98900 0.0014915
99000 0.001348
99100 0.001826
99200 0.001496
99300 0.0013825
99400 0.001471
99500 0.001428
99600 0.0015255
99700 0.0016225
99800 0.0015735
99900 0.0015285
