100 6.5e-06
200 7e-06
300 1.05e-05
400 1.35e-05
500 1.65e-05
600 1.85e-05
700 2.25e-05
800 2.55e-05
900 3.5e-05
1000 3.2e-05
1100 3.3e-05
1200 3.5e-05
1300 3.9e-05
1400 4.2e-05
1500 6e-05
1600 4.5e-05
1700 5.05e-05
1800 4.95e-05
1900 5.2e-05
2000 5.45e-05
2100 6.05e-05
2200 6.8e-05
2300 6e-05
2400 6.35e-05
2500 6.3e-05
2600 6.8e-05
2700 6.5e-05
2800 6.85e-05
2900 6.95e-05
3000 7.25e-05
3100 7.45e-05
3200 7.8e-05
3300 8e-05
3400 0.000118
3500 0.0001025
3600 9.35e-05
3700 0.0001025
3800 9.9e-05
3900 9.8e-05
4000 0.000103
4100 0.000104
4200 0.000107
4300 0.0001095
4400 0.000156
4500 0.000291
4600 0.0001295
4700 0.0001275
4800 0.000131
4900 0.000163
5000 0.000155
5100 0.000152
5200 0.000199
5300 0.0001645
5400 0.0001545
5500 0.000138
5600 0.000144
5700 0.0001845
5800 0.000191
5900 0.0001555
6000 0.0001515
6100 0.0001465
6200 0.000152
6300 0.000154
6400 0.000153
6500 0.000156
6600 0.0001575
6700 0.0001595
6800 0.0001625
6900 0.000165
7000 0.000177
7100 0.0002025
7200 0.0002285
7300 0.000263
7400 0.0002085
7500 0.0002535
7600 0.0002165
7700 0.000202
7800 0.0002045
7900 0.000238
8000 0.000203
8100 0.000193
8200 0.0001965
8300 0.000209
8400 0.0002225
8500 0.0002465
8600 0.000259
8700 0.00023
8800 0.0002345
8900 0.0002455
9000 0.0003335
9100 0.000273
9200 0.0002675
9300 0.000323
9400 0.0002945
9500 0.0004805
9600 0.0003235
9700 0.0003
9800 0.0002545
9900 0.0002635
10000 0.0002965
10100 0.000277
10200 0.0002565
10300 0.000246
10400 0.0002485
10500 0.0002495
10600 0.0002525
10700 0.000256
10800 0.000353
10900 0.0002605
11000 0.0002635
11100 0.0002945
11200 0.0002695
11300 0.000283
11400 0.000271
11500 0.0002745
11600 0.000313
11700 0.000279
11800 0.000282
11900 0.000435
12000 0.000495
12100 0.000605
12200 0.000321
12300 0.000293
12400 0.0002965
12500 0.0002975
12600 0.000299
12700 0.000326
12800 0.0003205
12900 0.0003165
13000 0.0003185
13100 0.00032
13200 0.0003335
13300 0.0003445
13400 0.000337
13500 0.000343
13600 0.000314
13700 0.0003835
13800 0.000344
13900 0.0003405
14000 0.0003245
14100 0.000341
14200 0.0003665
14300 0.000341
14400 0.0003425
14500 0.0003465
14600 0.000454
14700 0.000357
14800 0.000355
14900 0.000355
15000 0.0003595
15100 0.0004065
15200 0.0003995
15300 0.000365
15400 0.000368
15500 0.000373
15600 0.0003795
15700 0.0004145
15800 0.000371
15900 0.000368
16000 0.0003815
16100 0.000374
16200 0.0003775
16300 0.000473
16400 0.0003905
16500 0.000387
16600 0.0003865
16700 0.000389
16800 0.0004495
16900 0.000434
17000 0.0004345
17100 0.0004905
17200 0.00048
17300 0.000417
17400 0.0004145
17500 0.000418
17600 0.0004195
17700 0.0004225
17800 0.000423
17900 0.000501
18000 0.00067
18100 0.0006705
18200 0.0005575
18300 0.0005475
18400 0.0005535
18500 0.0006155
18600 0.0004995
18700 0.0005025
18800 0.0005215
18900 0.0005095
19000 0.0007025
19100 0.0006895
19200 0.00066
19300 0.000569
19400 0.000523
19500 0.00051
19600 0.0006195
19700 0.0006435
19800 0.000489
19900 0.000487
20000 0.0004875
20100 0.000532
20200 0.000505
20300 0.000472
20400 0.000842
20500 0.0008165
20600 0.000677
20700 0.0005505
20800 0.000498
20900 0.0005995
21000 0.000534
21100 0.000545
21200 0.000535
21300 0.0005575
21400 0.000538
21500 0.0006745
21600 0.000845
21700 0.00057
21800 0.000543
21900 0.0005695
22000 0.0005345
22100 0.0005785
22200 0.000538
22300 0.0005675
22400 0.000534
22500 0.000536
22600 0.0005385
22700 0.0006795
22800 0.0005525
22900 0.0005335
23000 0.0005635
23100 0.0005565
23200 0.0005395
23300 0.000637
23400 0.0006105
23500 0.000555
23600 0.0005475
23700 0.0005555
23800 0.000554
23900 0.0007475
24000 0.0006155
24100 0.0005625
24200 0.000584
24300 0.00058
24400 0.0006745
24500 0.000857
24600 0.0006115
24700 0.00059
24800 0.000674
24900 0.000615
25000 0.000796
25100 0.0006795
25200 0.0006095
25300 0.000603
25400 0.000604
25500 0.00068
25600 0.000624
25700 0.000708
25800 0.000651
25900 0.0006205
26000 0.00078
26100 0.0007675
26200 0.0006815
26300 0.0006355
26400 0.0006345
26500 0.000763
26600 0.0008455
26700 0.000717
26800 0.00064
26900 0.000642
27000 0.0008905
27100 0.000888
27200 0.0010595
27300 0.001014
27400 0.000991
27500 0.00101
27600 0.000834
27700 0.001127
27800 0.0010855
27900 0.0007925
28000 0.0006955
28100 0.0006725
28200 0.0007675
28300 0.0006795
28400 0.0006805
28500 0.0008125
28600 0.000694
28700 0.000873
28800 0.0006895
28900 0.00069
29000 0.0007075
29100 0.000701
29200 0.0007325
29300 0.0007025
29400 0.0007005
29500 0.000779
29600 0.000932
29700 0.0007465
29800 0.0007125
29900 0.0007145
30000 0.0007415
30100 0.0012245
30200 0.000797
30300 0.0007405
30400 0.0007735
30500 0.000975
30600 0.0007815
30700 0.0007435
30800 0.0007765
30900 0.000883
31000 0.000833
31100 0.00075
31200 0.0008135
31300 0.000977
31400 0.000892
31500 0.000763
31600 0.0007555
31700 0.0008645
31800 0.0009565
31900 0.000801
32000 0.000793
32100 0.0008005
32200 0.0010425
32300 0.0007755
32400 0.00077
32500 0.000806
32600 0.001162
32700 0.0008205
32800 0.0008045
32900 0.000781
33000 0.000815
33100 0.000861
33200 0.000803
33300 0.0008645
33400 0.0011445
33500 0.000942
33600 0.000824
33700 0.0007995
33800 0.000838
33900 0.0008205
34000 0.0008445
34100 0.001138
34200 0.000935
34300 0.0008365
34400 0.0008375
34500 0.000846
34600 0.000845
34700 0.0009275
34800 0.0008635
34900 0.0010095
35000 0.0009275
35100 0.0009335
35200 0.0008625
35300 0.0008905
35400 0.000865
35500 0.000949
35600 0.00086
35700 0.001073
35800 0.0008675
35900 0.0009315
36000 0.000879
36100 0.0009385
36200 0.000925
36300 0.0009705
36400 0.0010915
36500 0.000914
36600 0.000873
36700 0.000944
36800 0.0013375
36900 0.000907
37000 0.0009045
37100 0.001379
37200 0.0009545
37300 0.000952
37400 0.000888
37500 0.0010705
37600 0.0009325
37700 0.000899
37800 0.0010035
37900 0.00111
38000 0.0009625
38100 0.000923
38200 0.0012935
38300 0.000959
38400 0.0009175
38500 0.0011635
38600 0.0010215
38700 0.00102
38800 0.000935
38900 0.001271
39000 0.0009635
39100 0.0009495
39200 0.0011565
39300 0.001227
39400 0.000952
39500 0.0010995
39600 0.0010465
39700 0.0010125
39800 0.0009595
39900 0.001396
40000 0.0010765
40100 0.000971
40200 0.001331
40300 0.0011435
40400 0.000995
40500 0.000971
40600 0.001126
40700 0.0010795
40800 0.001046
40900 0.001367
41000 0.001105
41100 0.000994
41200 0.00107
41300 0.001028
41400 0.0010715
41500 0.001013
41600 0.0010515
41700 0.001047
41800 0.001056
41900 0.0010535
42000 0.001073
42100 0.001545
42200 0.0010815
42300 0.0010155
42400 0.0013825
42500 0.0010745
42600 0.001085
42700 0.001054
42800 0.001101
42900 0.001028
43000 0.0011635
43100 0.001652
43200 0.001514
43300 0.002055
43400 0.001699
43500 0.001586
43600 0.0012595
43700 0.001073
43800 0.001322
43900 0.001246
44000 0.001122
44100 0.001314
44200 0.001277
44300 0.0010745
44400 0.0012625
44500 0.0014625
44600 0.0011045
44700 0.001178
44800 0.001145
44900 0.001102
45000 0.0016135
45100 0.001244
45200 0.0011075
45300 0.001441
45400 0.0012405
45500 0.0011715
45600 0.001491
45700 0.0012205
45800 0.0011255
45900 0.0012375
46000 0.001232
46100 0.0011405
46200 0.001196
46300 0.001251
46400 0.001537
46500 0.0012255
46600 0.0012425
46700 0.0012515
46800 0.00118
46900 0.001301
47000 0.0015945
47100 0.0011615
47200 0.0012295
47300 0.0014975
47400 0.001152
47500 0.0012995
47600 0.001343
47700 0.0011875
47800 0.001811
47900 0.001206
48000 0.0012295
48100 0.001501
48200 0.0012565
48300 0.0012125
48400 0.0014855
48500 0.0012135
48600 0.001173
48700 0.0013095
48800 0.0012
48900 0.001542
49000 0.0014285
49100 0.0013335
49200 0.0015685
49300 0.001284
49400 0.0011595
49500 0.0015635
49600 0.0012695
49700 0.001672
49800 0.001365
49900 0.001223
50000 0.001342
50100 0.0013135
50200 0.0012515
50300 0.0014525
50400 0.00127
50500 0.001694
50600 0.001407
50700 0.001256
50800 0.0016845
50900 0.001352
51000 0.001256
51100 0.0013485
51200 0.001319
51300 0.001339
51400 0.00134
51500 0.0012875
51600 0.001317
51700 0.0013965
51800 0.0014
51900 0.001338
52000 0.001358
52100 0.0013945
52200 0.0013325
52300 0.001364
52400 0.001334
52500 0.001421
52600 0.001391
52700 0.0013765
52800 0.001817
52900 0.0014925
53000 0.001914
53100 0.001352
53200 0.0014025
53300 0.0015485
53400 0.0013415
53500 0.0016675
53600 0.001389
53700 0.0013895
53800 0.001904
53900 0.001392
54000 0.0019815
54100 0.0013715
54200 0.0015295
54300 0.0016635
54400 0.0016575
54500 0.001976
54600 0.0017615
54700 0.0016985
54800 0.0015495
54900 0.00204
55000 0.0014275
55100 0.002016
55200 0.0017025
55300 0.001834
55400 0.0015005
55500 0.001781
55600 0.0015845
55700 0.0014055
55800 0.0013955
55900 0.001466
56000 0.001971
56100 0.0018275
56200 0.00183
56300 0.0016655
56400 0.0019605
56500 0.0017365
56600 0.001585
56700 0.0016845
56800 0.001726
56900 0.0018245
57000 0.0015
57100 0.001938
57200 0.001452
57300 0.001586
57400 0.0015035
57500 0.0020065
57600 0.0014965
57700 0.0014205
57800 0.0016865
57900 0.0015215
58000 0.001784
58100 0.0015125
58200 0.001926
58300 0.001543
58400 0.001524
58500 0.001611
58600 0.001463
58700 0.0015705
58800 0.001544
58900 0.002109
59000 0.001509
59100 0.001567
59200 0.0016255
59300 0.0019745
59400 0.001624
59500 0.001981
59600 0.0021185
59700 0.002064
59800 0.001624
59900 0.001889
60000 0.001649
60100 0.0015715
60200 0.0024345
60300 0.002153
60400 0.0020025
60500 0.0021725
60600 0.0023155
60700 0.0023255
60800 0.0022845
60900 0.00217
61000 0.0023845
61100 0.002133
61200 0.0023255
61300 0.002357
61400 0.0033365
61500 0.002259
61600 0.002336
61700 0.002287
61800 0.0024195
61900 0.002298
62000 0.002361
62100 0.002321
62200 0.0025465
62300 0.0022745
62400 0.0023395
62500 0.0023225
62600 0.0022775
62700 0.0024345
62800 0.0023935
62900 0.002449
63000 0.002428
63100 0.002353
63200 0.0020655
63300 0.0019345
63400 0.0018095
63500 0.0018105
63600 0.001757
63700 0.0016415
63800 0.002082
63900 0.001814
64000 0.002289
64100 0.0017915
64200 0.002081
64300 0.001813
64400 0.0022395
64500 0.0016555
64600 0.002098
64700 0.0016565
64800 0.0022005
64900 0.00167
65000 0.002172
65100 0.001766
65200 0.002332
65300 0.001686
65400 0.001902
65500 0.0017795
65600 0.001816
65700 0.0017375
65800 0.0019585
65900 0.0017025
66000 0.002235
66100 0.002128
66200 0.0019755
66300 0.001827
66400 0.00182
66500 0.0021505
66600 0.001828
66700 0.001744
66800 0.0026105
66900 0.0023865
67000 0.002282
67100 0.0019665
67200 0.0018935
67300 0.002089
67400 0.0018205
67500 0.00198
67600 0.001884
67700 0.0020075
67800 0.001894
67900 0.0019725
68000 0.0018565
68100 0.001943
68200 0.001801
68300 0.001852
68400 0.001888
68500 0.0019025
68600 0.0019065
68700 0.002247
68800 0.002027
68900 0.001921
69000 0.0017385
69100 0.002117
69200 0.002127
69300 0.001885
69400 0.0018405
69500 0.001816
69600 0.001896
69700 0.0018635
69800 0.0021875
69900 0.002416
70000 0.00233
70100 0.0023535
70200 0.001962
70300 0.002074
70400 0.002133
70500 0.0019755
70600 0.0019795
70700 0.0021905
70800 0.0020395
70900 0.0019485
71000 0.0022345
71100 0.0020695
71200 0.0019195
71300 0.0019295
71400 0.002203
71500 0.0018895
71600 0.00198
71700 0.0019955
71800 0.002089
71900 0.002164
72000 0.0021265
72100 0.002018
72200 0.0020305
72300 0.0020295
72400 0.001912
72500 0.0023975
72600 0.0023135
72700 0.002134
72800 0.001899
72900 0.0019795
73000 0.0020175
73100 0.0019195
73200 0.0022365
73300 0.0020515
73400 0.002014
73500 0.002185
73600 0.0019485
73700 0.0021275
73800 0.0019705
73900 0.0020695
74000 0.001985
74100 0.0020335
74200 0.0019955
74300 0.002299
74400 0.0022605
74500 0.002175
74600 0.002388
74700 0.0026245
74800 0.002263
74900 0.002175
75000 0.0021835
75100 0.002074
75200 0.002073
75300 0.0021175
75400 0.002304
75500 0.0023105
75600 0.002643
75700 0.0020855
75800 0.0021165
75900 0.0023775
76000 0.002024
76100 0.0023255
76200 0.002226
76300 0.002057
76400 0.0022075
76500 0.0021225
76600 0.0021865
76700 0.0020835
76800 0.0021095
76900 0.0022605
77000 0.002126
77100 0.0021805
77200 0.0020805
77300 0.002705
77400 0.002544
77500 0.00233
77600 0.002914
77700 0.0024795
77800 0.002181
77900 0.0020675
78000 0.0021205
78100 0.0023555
78200 0.002323
78300 0.0023835
78400 0.002436
78500 0.0021485
78600 0.002303
78700 0.0021965
78800 0.002268
78900 0.0023125
79000 0.0021395
79100 0.002494
79200 0.002208
79300 0.002264
79400 0.0021645
79500 0.002655
79600 0.002419
79700 0.0022025
79800 0.0021915
79900 0.0025425
80000 0.0024845
80100 0.0023845
80200 0.0022345
80300 0.0022965
80400 0.0021175
80500 0.002693
80600 0.0025445
80700 0.0023395
80800 0.00236
80900 0.0021505
81000 0.002268
81100 0.00263
81200 0.002201
81300 0.002295
81400 0.002465
81500 0.0028755
81600 0.0025695
81700 0.0025565
81800 0.0025015
81900 0.002475
82000 0.0026495
82100 0.002555
82200 0.002513
82300 0.0027765
82400 0.002787
82500 0.0025465
82600 0.002896
82700 0.002784
82800 0.0026485
82900 0.002393
83000 0.0029765
83100 0.002711
83200 0.0029545
83300 0.002926
83400 0.002693
83500 0.002587
83600 0.002501
83700 0.002531
83800 0.0024015
83900 0.002357
84000 0.0024125
84100 0.0026215
84200 0.0024255
84300 0.0025375
84400 0.002729
84500 0.0028475
84600 0.0028775
84700 0.00291
84800 0.0029625
84900 0.0028195
85000 0.002464
85100 0.0024035
85200 0.0023055
85300 0.002354
85400 0.0023785
85500 0.003001
85600 0.003035
85700 0.0026855
85800 0.002756
85900 0.0025815
86000 0.002658
86100 0.0023535
86200 0.003273
86300 0.0030235
86400 0.002466
86500 0.0028785
86600 0.0028945
86700 0.002734
86800 0.0028665
86900 0.0025895
87000 0.002477
87100 0.0025365
87200 0.002503
87300 0.002786
87400 0.002909
87500 0.00249
87600 0.0026295
87700 0.0024445
87800 0.0024925
87900 0.002497
88000 0.0025195
88100 0.002422
88200 0.002569
88300 0.0024725
88400 0.002392
88500 0.002539
88600 0.0027305
88700 0.002638
88800 0.0030265
88900 0.002637
89000 0.002775
89100 0.0026025
89200 0.003115
89300 0.0030385
89400 0.0030465
89500 0.003201
89600 0.002997
89700 0.002715
89800 0.002831
89900 0.002848
90000 0.0027105
90100 0.0025915
90200 0.002644
90300 0.0025775
90400 0.003045
90500 0.0029035
90600 0.002471
90700 0.0028905
90800 0.002759
90900 0.003181
91000 0.002857
91100 0.0025655
91200 0.0027745
91300 0.0030745
91400 0.0027025
91500 0.0027575
91600 0.0027825
91700 0.0031805
91800 0.002805
91900 0.002656
92000 0.0026475
92100 0.002604
92200 0.002628
92300 0.0027635
92400 0.0027065
92500 0.002606
92600 0.002971
92700 0.002692
92800 0.0027925
92900 0.0027815
93000 0.002655
93100 0.0029415
93200 0.0025775
93300 0.002809
93400 0.0030685
93500 0.0032225
93600 0.002957
93700 0.003112
93800 0.002931
93900 0.0027505
94000 0.0028805
94100 0.002594
94200 0.0030055
94300 0.00291
94400 0.002718
94500 0.0027985
94600 0.0026865
94700 0.002955
94800 0.002734
94900 0.0026175
95000 0.0027845
95100 0.002889
95200 0.002751
95300 0.0033235
95400 0.00286
95500 0.003005
95600 0.0031645
95700 0.002921
95800 0.0030365
95900 0.002819
96000 0.0026885
96100 0.0028655
96200 0.0029145
96300 0.0031415
96400 0.002916
96500 0.0027245
96600 0.002836
96700 0.002894
96800 0.0028985
96900 0.003045
97000 0.002881
97100 0.0031925
97200 0.0029935
97300 0.002794
97400 0.002928
97500 0.0030255
97600 0.003291
97700 0.0031425
97800 0.003293
97900 0.003101
98000 0.002937
98100 0.00306
98200 0.0029625
98300 0.003486
98400 0.0034545
98500 0.003053
98600 0.002828
98700 0.0029415
98800 0.0030205
98900 0.002967
99000 0.0027995
99100 0.0034265
99200 0.00353
99300 0.0031925
99400 0.003217
99500 0.0030135
99600 0.0029005
99700 0.0032915
99800 0.0032415
99900 0.00285
