100 1e-06
200 9.99999e-07
300 1e-06
400 2e-06
500 2e-06
600 2e-06
700 2e-06
800 3e-06
900 4e-06
1000 4e-06
1100 3.5e-06
1200 4e-06
1300 4.5e-06
1400 4.5e-06
1500 5e-06
1600 5e-06
1700 5e-06
1800 5.5e-06
1900 6e-06
2000 6e-06
2100 6e-06
2200 7e-06
2300 6e-06
2400 6.5e-06
2500 6.5e-06
2600 7e-06
2700 7e-06
2800 7.5e-06
2900 8e-06
3000 8.5e-06
3100 8.5e-06
3200 8e-06
3300 9e-06
3400 1.2e-05
3500 9.5e-06
3600 9.5e-06
3700 9.5e-06
3800 1e-05
3900 1e-05
4000 1.1e-05
4100 1.1e-05
4200 1.15e-05
4300 1.2e-05
4400 1.2e-05
4500 1.5e-05
4600 1.25e-05
4700 3.05e-05
4800 1.3e-05
4900 1.65e-05
5000 1.3e-05
5100 1.45e-05
5200 1.5e-05
5300 1.5e-05
5400 1.7e-05
5500 1.45e-05
5600 1.5e-05
5700 1.6e-05
5800 2.45e-05
5900 1.6e-05
6000 2.35e-05
6100 1.65e-05
6200 1.55e-05
6300 1.65e-05
6400 1.6e-05
6500 1.65e-05
6600 1.65e-05
6700 1.75e-05
6800 1.8e-05
6900 1.7e-05
7000 2.2e-05
7100 1.85e-05
7200 1.9e-05
7300 1.9e-05
7400 1.95e-05
7500 2.05e-05
7600 2e-05
7700 2e-05
7800 2e-05
7900 2.8e-05
8000 2.05e-05
8100 2.05e-05
8200 2.1e-05
8300 2.15e-05
8400 2.15e-05
8500 2.3e-05
8600 2.3e-05
8700 2.4e-05
8800 2.3e-05
8900 3.9e-05
9000 2.4e-05
9100 2.45e-05
9200 2.65e-05
9300 2.9e-05
9400 2.55e-05
9500 2.7e-05
9600 2.95e-05
9700 2.7e-05
9800 2.6e-05
9900 2.65e-05
10000 2.65e-05
10100 2.75e-05
10200 2.7e-05
10300 2.7e-05
10400 2.65e-05
10500 2.7e-05
10600 2.7e-05
10700 2.7e-05
10800 5e-05
10900 2.85e-05
11000 2.8e-05
11100 2.8e-05
11200 2.8e-05
11300 2.9e-05
11400 2.9e-05
11500 3e-05
11600 3e-05
11700 2.95e-05
11800 3e-05
11900 3.1e-05
12000 3.35e-05
12100 4.3e-05
12200 3.15e-05
12300 3.1e-05
12400 3.15e-05
12500 3.15e-05
12600 3.2e-05
12700 3.3e-05
12800 4.35e-05
12900 3.35e-05
13000 3.4e-05
13100 3.4e-05
13200 3.45e-05
13300 3.35e-05
13400 3.4e-05
13500 3.4e-05
13600 3.4e-05
13700 8.4e-05
13800 3.45e-05
13900 3.45e-05
14000 3.5e-05
14100 3.5e-05
14200 3.6e-05
14300 3.6e-05
14400 3.7e-05
14500 3.65e-05
14600 6.85e-05
14700 3.7e-05
14800 3.8e-05
14900 3.8e-05
15000 3.95e-05
15100 3.85e-05
15200 3.85e-05
15300 3.9e-05
15400 3.95e-05
15500 3.9e-05
15600 4.1e-05
15700 4e-05
15800 3.9e-05
15900 3.95e-05
16000 3.95e-05
16100 4.75e-05
16200 4e-05
16300 4.05e-05
16400 4.2e-05
16500 6.85e-05
16600 4.25e-05
16700 4.1e-05
16800 4.2e-05
16900 4.15e-05
17000 4.25e-05
17100 4.2e-05
17200 4.3e-05
17300 5.35e-05
17400 4.55e-05
17500 4.5e-05
17600 4.5e-05
17700 5.05e-05
17800 9.05e-05
17900 5.6e-05
18000 4.85e-05
18100 4.75e-05
18200 5.5e-05
18300 4.75e-05
18400 6.5e-05
18500 4.8e-05
18600 5e-05
18700 4.95e-05
18800 5e-05
18900 5e-05
19000 5.05e-05
19100 5e-05
19200 7.35e-05
19300 5.05e-05
19400 5.2e-05
19500 5.15e-05
19600 5.6e-05
19700 5.25e-05
19800 5.2e-05
19900 5.2e-05
20000 5.2e-05
20100 5.2e-05
20200 5e-05
20300 5.05e-05
20400 5.9e-05
20500 7.35e-05
20600 6.95e-05
20700 5.4e-05
20800 5.3e-05
20900 6.15e-05
21000 5.6e-05
21100 5.4e-05
21200 6.2e-05
21300 5.45e-05
21400 5.45e-05
21500 5.45e-05
21600 8.6e-05
21700 7.3e-05
21800 5.5e-05
21900 6.35e-05
22000 5.6e-05
22100 5.6e-05
22200 5.6e-05
22300 5.7e-05
22400 5.65e-05
22500 5.7e-05
22600 5.75e-05
22700 6.1e-05
22800 5.7e-05
22900 5.65e-05
23000 7.45e-05
23100 5.7e-05
23200 5.75e-05
23300 5.8e-05
23400 5.7e-05
23500 5.8e-05
23600 5.95e-05
23700 5.8e-05
23800 5.95e-05
23900 8.2e-05
24000 6.1e-05
24100 6e-05
24200 6.05e-05
24300 6.2e-05
24400 6.15e-05
24500 7.6e-05
24600 8.85e-05
24700 6.1e-05
24800 6.15e-05
24900 6.15e-05
25000 8.55e-05
25100 8.85e-05
25200 6.35e-05
25300 6.5e-05
25400 6.45e-05
25500 7.65e-05
25600 6.35e-05
25700 6.4e-05
25800 6.4e-05
25900 6.4e-05
26000 6.4e-05
26100 8.3e-05
26200 6.5e-05
26300 6.55e-05
26400 6.5e-05
26500 6.6e-05
26600 9.6e-05
26700 6.65e-05
26800 7.6e-05
26900 6.65e-05
27000 7.9e-05
27100 8e-05
27200 8.5e-05
27300 7.25e-05
27400 7.55e-05
27500 9.95e-05
27600 9.1e-05
27700 7.15e-05
27800 7.6e-05
27900 7.3e-05
28000 7.15e-05
28100 7.15e-05
28200 7.25e-05
28300 7.25e-05
28400 7.2e-05
28500 7.2e-05
28600 7.75e-05
28700 7.35e-05
28800 7.3e-05
28900 7.4e-05
29000 7.4e-05
29100 7.55e-05
29200 7.4e-05
29300 0.000111
29400 7.4e-05
29500 7.45e-05
29600 7.4e-05
29700 7.35e-05
29800 7.4e-05
29900 7.6e-05
30000 8.85e-05
30100 7.85e-05
30200 7.7e-05
30300 7.75e-05
30400 7.7e-05
30500 7.9e-05
30600 7.8e-05
30700 7.95e-05
30800 7.8e-05
30900 0.0001115
31000 8.05e-05
31100 8e-05
31200 7.95e-05
31300 8e-05
31400 8.2e-05
31500 8e-05
31600 8.05e-05
31700 8.05e-05
31800 8.8e-05
31900 8.9e-05
32000 7.9e-05
32100 7.95e-05
32200 0.0001435
32300 8.4e-05
32400 8.2e-05
32500 8.2e-05
32600 9.9e-05
32700 0.000106
32800 9.1e-05
32900 8.1e-05
33000 9.3e-05
33100 8.2e-05
33200 8.25e-05
33300 8.25e-05
33400 0.000108
33500 0.0001585
33600 8.3e-05
33700 8.3e-05
33800 0.000103
33900 0.0001055
34000 8.65e-05
34100 8.6e-05
34200 8.6e-05
34300 8.6e-05
34400 8.7e-05
34500 8.85e-05
34600 8.5e-05
34700 0.0001035
34800 8.6e-05
34900 8.6e-05
35000 8.75e-05
35100 9.15e-05
35200 8.9e-05
35300 0.0001695
35400 8.8e-05
35500 8.9e-05
35600 9.05e-05
35700 0.0001145
35800 9.15e-05
35900 9.05e-05
36000 9.05e-05
36100 0.0001785
36200 9.05e-05
36300 9.15e-05
36400 9.5e-05
36500 9.35e-05
36600 9.2e-05
36700 0.0001225
36800 9.1e-05
36900 9.25e-05
37000 9.45e-05
37100 0.0001205
37200 9.2e-05
37300 9.2e-05
37400 9.25e-05
37500 0.0001615
37600 0.0001045
37700 9.55e-05
37800 9.65e-05
37900 0.000138
38000 9.45e-05
38100 9.35e-05
38200 0.0001955
38300 9.75e-05
38400 9.7e-05
38500 9.6e-05
38600 0.000129
38700 9.7e-05
38800 9.5e-05
38900 0.0001375
39000 0.0001
39100 9.9e-05
39200 0.000203
39300 9.95e-05
39400 0.0001005
39500 0.0001
39600 9.85e-05
39700 9.85e-05
39800 0.0001005
39900 0.000102
40000 0.0001065
40100 0.000102
40200 0.0001005
40300 0.0001
40400 0.0001045
40500 0.0001025
40600 0.0001435
40700 0.000104
40800 0.0001045
40900 0.0001025
41000 0.0001035
41100 0.000106
41200 0.0001585
41300 0.0001145
41400 0.0001065
41500 0.000177
41600 0.0001225
41700 0.000106
41800 0.0001715
41900 0.0001075
42000 0.0001075
42100 0.0001045
42200 0.0001065
42300 0.000107
42400 0.000108
42500 0.000106
42600 0.000107
42700 0.000109
42800 0.000177
42900 0.0001115
43000 0.0001335
43100 0.000128
43200 0.000123
43300 0.0001125
43400 0.000161
43500 0.000147
43600 0.0001095
43700 0.000111
43800 0.0001115
43900 0.000124
44000 0.0001185
44100 0.000109
44200 0.000121
44300 0.0001125
44400 0.000111
44500 0.0001505
44600 0.000131
44700 0.000203
44800 0.0001155
44900 0.000114
45000 0.000111
45100 0.000115
45200 0.0001165
45300 0.000117
45400 0.000121
45500 0.0001325
45600 0.000122
45700 0.000118
45800 0.0001195
45900 0.000189
46000 0.0001335
46100 0.0001175
46200 0.000277
46300 0.0001185
46400 0.000124
46500 0.0001165
46600 0.000117
46700 0.0001815
46800 0.0001195
46900 0.0001195
47000 0.000117
47100 0.000145
47200 0.0001235
47300 0.000122
47400 0.0001205
47500 0.0001195
47600 0.0002075
47700 0.0001255
47800 0.000136
47900 0.0001195
48000 0.00012
48100 0.000132
48200 0.000128
48300 0.000123
48400 0.0001575
48500 0.000139
48600 0.0001315
48700 0.0002055
48800 0.000129
48900 0.0001225
49000 0.000147
49100 0.00014
49200 0.000126
49300 0.0001275
49400 0.000124
49500 0.000182
49600 0.0001275
49700 0.0001335
49800 0.000125
49900 0.000126
50000 0.0001315
50100 0.00013
50200 0.0001305
50300 0.0002475
50400 0.000128
50500 0.0001305
50600 0.000131
50700 0.0001305
50800 0.000132
50900 0.0001305
51000 0.000136
51100 0.0001675
51200 0.000129
51300 0.0002305
51400 0.0001315
51500 0.000137
51600 0.0001585
51700 0.000134
51800 0.0001775
51900 0.0001335
52000 0.0001355
52100 0.0002495
52200 0.000152
52300 0.00023
52400 0.000135
52500 0.0001545
52600 0.0002895
52700 0.000135
52800 0.000146
52900 0.000216
53000 0.000142
53100 0.0001415
53200 0.0001355
53300 0.0001375
53400 0.0001335
53500 0.0001335
53600 0.0001395
53700 0.000153
53800 0.000145
53900 0.000146
54000 0.000137
54100 0.000135
54200 0.0001385
54300 0.0001425
54400 0.000146
54500 0.0001465
54600 0.0001805
54700 0.0001425
54800 0.000142
54900 0.0001415
55000 0.0001415
55100 0.000179
55200 0.000143
55300 0.0001445
55400 0.0001705
55500 0.0001435
55600 0.000144
55700 0.0001625
55800 0.000256
55900 0.0001465
56000 0.0001755
56100 0.00017
56200 0.000158
56300 0.000181
56400 0.000146
56500 0.000152
56600 0.000147
56700 0.0001605
56800 0.0001685
56900 0.0001845
57000 0.00015
57100 0.000149
57200 0.0001465
57300 0.000157
57400 0.000197
57500 0.000148
57600 0.000151
57700 0.000155
57800 0.0001535
57900 0.00015
58000 0.0001455
58100 0.000147
58200 0.0001485
58300 0.000151
58400 0.000147
58500 0.0002385
58600 0.0001505
58700 0.0002615
58800 0.000149
58900 0.0001525
59000 0.000158
59100 0.000169
59200 0.000156
59300 0.0001515
59400 0.0001585
59500 0.000154
59600 0.000158
59700 0.000155
59800 0.0001585
59900 0.0001645
60000 0.000164
60100 0.000155
60200 0.000178
60300 0.0002085
60400 0.0001635
60500 0.000181
60600 0.0002075
60700 0.000186
60800 0.000217
60900 0.000204
61000 0.0001725
61100 0.000194
61200 0.0002375
61300 0.000205
61400 0.000185
61500 0.000184
61600 0.000169
61700 0.0002105
61800 0.0001675
61900 0.0001845
62000 0.000243
62100 0.0002105
62200 0.000223
62300 0.000169
62400 0.000174
62500 0.0001685
62600 0.0002025
62700 0.000171
62800 0.0001755
62900 0.00019
63000 0.0001795
63100 0.000174
63200 0.0002105
63300 0.000168
63400 0.0001665
63500 0.0001845
63600 0.000203
63700 0.000178
63800 0.0001795
63900 0.0002135
64000 0.0001725
64100 0.0001655
64200 0.00018
64300 0.000187
64400 0.000173
64500 0.0001935
64600 0.0001715
64700 0.0001715
64800 0.0001965
64900 0.0001645
65000 0.0001675
65100 0.0001705
65200 0.0001685
65300 0.000182
65400 0.0001735
65500 0.0001665
65600 0.0002905
65700 0.000168
65800 0.0001825
65900 0.000164
66000 0.0002215
66100 0.000261
66200 0.0001745
66300 0.0001785
66400 0.000275
66500 0.000179
66600 0.000223
66700 0.0002285
66800 0.0002075
66900 0.000218
67000 0.0002075
67100 0.0001795
67200 0.000241
67300 0.000204
67400 0.000174
67500 0.000213
67600 0.0001695
67700 0.000168
67800 0.000189
67900 0.000174
68000 0.000228
68100 0.000192
68200 0.0001715
68300 0.00017
68400 0.0001775
68500 0.000193
68600 0.0001825
68700 0.0001725
68800 0.000174
68900 0.0002065
69000 0.0001735
69100 0.0001825
69200 0.000174
69300 0.000199
69400 0.0001885
69500 0.0001735
69600 0.0002635
69700 0.0001805
69800 0.000178
69900 0.0001945
70000 0.0002245
70100 0.0001795
70200 0.0001775
70300 0.000233
70400 0.000181
70500 0.000182
70600 0.000181
70700 0.0002715
70800 0.000178
70900 0.000196
71000 0.000178
71100 0.000188
71200 0.000247
71300 0.0001855
71400 0.0001815
71500 0.0001955
71600 0.000213
71700 0.0001975
71800 0.000227
71900 0.0001855
72000 0.0002115
72100 0.0001805
72200 0.000267
72300 0.0001835
72400 0.000182
72500 0.0002405
72600 0.0001925
72700 0.0002015
72800 0.0001825
72900 0.0001915
73000 0.0001835
73100 0.000241
73200 0.000184
73300 0.000185
73400 0.00024
73500 0.000184
73600 0.0002
73700 0.000192
73800 0.0001925
73900 0.000269
74000 0.0001865
74100 0.000232
74200 0.000186
74300 0.0002345
74400 0.0001865
74500 0.000206
74600 0.000213
74700 0.000238
74800 0.0001945
74900 0.0002205
75000 0.0001895
75100 0.000241
75200 0.000189
75300 0.0003495
75400 0.000196
75500 0.00021
75600 0.0001915
75700 0.0001965
75800 0.0002045
75900 0.0002105
76000 0.0001985
76100 0.000198
76200 0.0002125
76300 0.0002435
76400 0.000195
76500 0.000193
76600 0.000203
76700 0.000201
76800 0.000344
76900 0.0001995
77000 0.0001995
77100 0.0002095
77200 0.000194
77300 0.000196
77400 0.000196
77500 0.0001965
77600 0.0001965
77700 0.0001965
77800 0.000205
77900 0.0002595
78000 0.000206
78100 0.0002195
78200 0.0001975
78300 0.000208
78400 0.0002085
78500 0.0002
78600 0.0002005
78700 0.000205
78800 0.0002335
78900 0.000202
79000 0.000206
79100 0.0002295
79200 0.0002985
79300 0.0002025
79400 0.0002125
79500 0.000214
79600 0.0002065
79700 0.0002135
79800 0.000201
79900 0.000257
80000 0.000224
80100 0.000209
80200 0.000349
80300 0.0003
80400 0.0002095
80500 0.000211
80600 0.00021
80700 0.00023
80800 0.000206
80900 0.000204
81000 0.0003105
81100 0.000205
81200 0.0002175
81300 0.000235
81400 0.0002145
81500 0.0002185
81600 0.0002175
81700 0.0002645
81800 0.000207
81900 0.0002245
82000 0.0002135
82100 0.0002175
82200 0.000223
82300 0.0002265
82400 0.0002145
82500 0.000219
82600 0.0002335
82700 0.0002275
82800 0.0002165
82900 0.0003005
83000 0.000222
83100 0.00022
83200 0.000259
83300 0.000273
83400 0.0002305
83500 0.000258
83600 0.000264
83700 0.000238
83800 0.000269
83900 0.0002125
84000 0.000215
84100 0.000222
84200 0.000217
84300 0.00022
84400 0.0002425
84500 0.000266
84600 0.0002195
84700 0.000327
84800 0.000276
84900 0.0002265
85000 0.0002265
85100 0.000232
85200 0.0002665
85300 0.000226
85400 0.000219
85500 0.000284
85600 0.0002345
85700 0.000226
85800 0.000229
85900 0.0002315
86000 0.000245
86100 0.0003305
86200 0.0002185
86300 0.0002555
86400 0.000225
86500 0.00022
86600 0.0002275
86700 0.0002435
86800 0.000223
86900 0.0002635
87000 0.000222
87100 0.0003005
87200 0.000256
87300 0.000245
87400 0.0002395
87500 0.0002215
87600 0.0002495
87700 0.000234
87800 0.0002585
87900 0.000233
88000 0.0002365
88100 0.0002285
88200 0.0003145
88300 0.0002275
88400 0.0002285
88500 0.0002245
88600 0.0002425
88700 0.000233
88800 0.0002325
88900 0.000299
89000 0.000251
89100 0.000237
89200 0.0002905
89300 0.000235
89400 0.0002385
89500 0.0002745
89600 0.0002345
89700 0.0002405
89800 0.0002355
89900 0.0002285
90000 0.00025
90100 0.000228
90200 0.0002675
90300 0.0002905
90400 0.000274
90500 0.000236
90600 0.0002355
90700 0.000232
90800 0.000234
90900 0.000234
91000 0.0002475
91100 0.0002495
91200 0.000239
91300 0.0002455
91400 0.000237
91500 0.0002415
91600 0.0002755
91700 0.0002385
91800 0.0002365
91900 0.000249
92000 0.000232
92100 0.000273
92200 0.0002325
92300 0.0002585
92400 0.0002485
92500 0.0002425
92600 0.000244
92700 0.000251
92800 0.0002375
92900 0.0002425
93000 0.000243
93100 0.000243
93200 0.000266
93300 0.0002505
93400 0.0002485
93500 0.0002495
93600 0.000248
93700 0.0003085
93800 0.000271
93900 0.000237
94000 0.0002455
94100 0.0002485
94200 0.0002395
94300 0.00025
94400 0.0002455
94500 0.0003675
94600 0.0002425
94700 0.000248
94800 0.000268
94900 0.0002435
95000 0.0004205
95100 0.000249
95200 0.0002405
95300 0.0002755
95400 0.0002425
95500 0.000243
95600 0.0002675
95700 0.000242
95800 0.0002555
95900 0.000318
96000 0.0002435
96100 0.0002495
96200 0.000262
96300 0.000262
96400 0.0002445
96500 0.000252
96600 0.0003655
96700 0.000252
96800 0.000295
96900 0.000277
97000 0.000263
97100 0.000371
97200 0.000249
97300 0.000265
97400 0.000261
97500 0.0002615
97600 0.0002875
97700 0.0002595
97800 0.0003045
97900 0.0002755
98000 0.0002775
98100 0.0002855
98200 0.0002485
98300 0.000262
98400 0.000257
98500 0.000318
98600 0.0002675
98700 0.0002505
98800 0.000263
98900 0.0002645
99000 0.00025
99100 0.000284
99200 0.0002785
99300 0.0003
99400 0.000257
99500 0.00026
99600 0.0002545
99700 0.0002675
99800 0.000261
99900 0.0002595
